5477919	199568	0.0068624302755676074261723814	577	84081
1322011	199568	0.0047216374686314387316991948	397	84081
555792	199568	0.0500112986287032742236652752	4205	84081
5686026	199568	0.0161154125188806032278398211	1355	84081
2521980	199568	0.0275686540359891057432713693	2318	84081
2087678	199568	0.0079328266790356917734089747	667	84081
5831937	199568	0.0085155980542572043624600088	716	84081
5091014	199568	0.0135583544439290683983301816	1140	84081
2699500	199568	0.0208013701073964391479644628	1749	84081
5839626	199568	0.0132610221096323783018755724	1115	84081
1871716	199568	0.1785183335117327339113473912	15010	84081
5561633	199568	0.1055886585554405870529608354	8878	84081
5828217	199568	0.013023156242195026224711885	1095	84081
5479109	199568	0.0062201924334867568178304254	523	84081
870430	199568	0.0092767688300567310093838085	780	84081
5561647	199568	0.0185059644866259916033348795	1556	84081
682052	199568	0.0216814738169146418334701062	1823	84081
5686390	199568	0.0169717296416550707056290958	1427	84081
3576779	199568	0.0065888845280146525374341409	554	84081
5382179	199568	0.0115959610375709137617297606	975	84081
1304184	199568	0.0183037784993042423377457452	1539	84081
3608758	199568	0.0445284903842723088450422807	3744	84081
3823429	199568	0.0799348247523221655308571497	6721	84081
3545321	199568	0.0022954056207704475446295834	193	84081
2384240	199568	0.1180766165959015711040544237	9928	84081
5137724	199568	0.0189341230480132253422295168	1592	84081
5749220	199568	0.0715619462185273724146953533	6017	84081
1173534	199568	0.0097049273914439647482784458	816	84081
2918015	199568	0.0173998882030423044445237331	1463	84081
1041502	199568	0.0094908481107503478788311271	798	84081
5375344	199568	0.0100379396058562576563076081	844	84081
3731895	199568	0.0373211546009205409069825525	3138	84081
2685511	199568	0.0050903295631593344513029103	428	84081
682052	419374	0.0529240539825350621857634295	200	3779
2822892	419374	0.5358560465731675046308547235	2025	3779
5824733	419374	0.411219899444297433183381847	1554	3779
3844049	556063	0.5226904376012965964343598055	645	1234
5839626	556063	0.4773095623987034035656401945	589	1234
5556280	80777	0.0176563796876178978344525768	1404	79518
5477919	80777	0.0304207852310168766820091049	2419	79518
1145151	80777	0.0535602002062426117357076385	4259	79518
5136848	80777	0.0925576599009029402147941347	7360	79518
1322011	80777	0.1236701124273749339772127066	9834	79518
555792	80777	0.0338413944012676375160341055	2691	79518
5571151	80777	0.0011569707487612867526849267	92	79518
5761935	80777	0.0083628863905027792449508287	665	79518
528851	80777	0.0483161045297919967806031339	3842	79518
5750479	80777	0.0385698835483789833748333711	3067	79518
5479109	80777	0.0348097286149048014286073593	2768	79518
870430	80777	0.095827359843054402776729797	7620	79518
5355771	80777	0.0721094594934480243466888	5734	79518
682052	80777	0.0360170024396991876053220654	2864	79518
2632205	80777	0.00738197640785734047637013	587	79518
2751655	80777	0.0036218214743831585301441183	288	79518
3576779	80777	0.0235921426595236298699665485	1876	79518
409760	80777	0.0109660705752156744384919138	872	79518
5810362	80777	0.0056590960537236852033501849	450	79518
1304184	80777	0.0187881988983626348751226137	1494	79518
2384240	80777	0.0432732211574737795216177469	3441	79518
976812	80777	0.0262582056892778993435448578	2088	79518
5137724	80777	0.0342689705475489826202872306	2725	79518
1173534	80777	0.0113056163384390955506929249	899	79518
5433314	80777	0.0024900022636384214894740813	198	79518
2003140	80777	0.0113307678764556452627078146	901	79518
76219	80777	0.0650167257727810055584899017	5170	79518
2685511	80777	0.0318669986669684851228652632	2534	79518
2380855	80777	0.0173042581553862018662441208	1376	79518
1145151	88610	0.0878405856039040260268401789	216	2459
5803496	88610	0.1980479869865799105327368849	487	2459
528851	88610	0.4749898332655551037006913379	1168	2459
2541513	88610	0.2391215941439609597397315982	588	2459
5190753	32222	0.0924149956408020924149956408	212	2294
701204	32222	0.283347863993025283347863993	650	2294
3416007	32222	0.115518744551002615518744551	265	2294
5748171	32222	0.5087183958151700087183958152	1167	2294
3152913	44991	0.3009741350352704064494457508	896	2977
5190753	44991	0.0638226402418542156533422909	190	2977
5478169	44991	0.6352032247228753778972119583	1891	2977
5088832	2196050	0.1038858049167327517842981761	655	6305
2785651	2196050	0.1419508326724821570182394925	895	6305
2335185	2196050	0.4948453608247422680412371134	3120	6305
619049	2196050	0.2593180015860428231562252181	1635	6305
5088832	69339	0.0346069609731641026994221178	2623	75794
2105559	69339	0.0272712879647465498588278756	2067	75794
2785651	69339	0.241100878697522231311185582	18274	75794
3825127	69339	0.0079953558329155342111512785	606	75794
1047997	69339	0.0209383328495659287014803283	1587	75794
5516817	69339	0.0079161938939757764466844341	600	75794
2335185	69339	0.2314299284903818244188194316	17541	75794
5205162	69339	0.235704673193128743700029026	17865	75794
5233780	69339	0.0669973876560149879937725941	5078	75794
3849932	69339	0.0105285378789877826740902974	798	75794
619049	69339	0.0331952397287384225664300604	2516	75794
528942	69339	0.0823152228408581154181069742	6239	75794
5526782	60999	0.5519125683060109289617486339	1212	2196
5747855	60999	0.4480874316939890710382513661	984	2196
5458432	106867	0.0159400793623968255041269798	4716	295858
2204295	106867	0.0022307999107680035692798572	660	295858
454931	106867	0.0018420999263160029473598821	545	295858
1884844	106867	0.0029507398819704047211838112	873	295858
2105559	106867	0.0189448992422040303118387875	5605	295858
3076002	106867	0.0060400597583976096640956134	1787	295858
963632	106867	0.0842904366283825348646986054	24938	295858
2047748	106867	0.0153620993855160245793590168	4545	295858
5825593	106867	0.0485401780583928776642848934	14361	295858
5619167	106867	0.0018049199278032028878718845	534	295858
3835148	106867	0.0029946798802128047914878083	886	295858
3794760	106867	0.0193673992253040309878387605	5730	295858
1219452	106867	0.0209390991624360335025586599	6195	295858
5126943	106867	0.0283041188678352452865901885	8374	295858
3395383	106867	0.0228116190875352364985905401	6749	295858
3475126	106867	0.0174543193018272279269108829	5164	295858
3825127	106867	0.0030791798768328049266878029	911	295858
1916066	106867	0.0057865597685376092584956297	1712	295858
5516817	106867	0.0022645999094160036233598551	670	295858
2757321	106867	0.0304808387807664487693420492	9018	295858
1902259	106867	0.0053133597874656085013756599	1572	295858
3812826	106867	0.0188232192470712301171507953	5569	295858
2676247	106867	0.0101332395946704162131833515	2998	295858
3639919	106867	0.0082708596691656132333754707	2447	295858
2426559	106867	0.0170656193173752273049909078	5049	295858
3058160	106867	0.0229873790805048367798065288	6801	295858
737243	106867	0.0133949394642024214319031427	3963	295858
2648088	106867	0.0186575992536960298521588059	5520	295858
5808240	106867	0.0443219382271224709151011634	13113	295858
2655921	106867	0.0201380391944784322208627112	5958	295858
3419582	106867	0.0053505397859784085608636576	1583	295858
5557306	106867	0.0117826795286928188522872459	3486	295858
2730391	106867	0.0141689594332416226703350932	4192	295858
3858600	106867	0.0025586598976536040938558362	757	295858
616089	106867	0.0167614193295432268182709273	4959	295858
599477	106867	0.0191206592351736305930547763	5657	295858
5301662	106867	0.0218787391248504350059825998	6473	295858
2194118	106867	0.0033630998654760053809597848	995	295858
2198629	106867	0.001656199933752002649919894	490	295858
5233780	106867	0.0363079585476816580927336763	10742	295858
5725059	106867	0.0223350391065984357360625706	6608	295858
3639772	106867	0.0020246199190152032393918704	599	295858
5582267	106867	0.0010139999594400016223999351	300	295858
1249321	106867	0.0179477992820880287164788513	5310	295858
5434480	106867	0.0309269987629200494831980207	9150	295858
5418941	106867	0.0755903169763873209445071622	22364	295858
5234568	106867	0.0026600598935976042560958298	787	295858
2955425	106867	0.0016223999351040025958398962	480	295858
3785603	106867	0.0183195992672160293113588275	5420	295858
3033347	106867	0.0165552393377904264883829405	4898	295858
3849932	106867	0.0174475593020976279160948834	5162	295858
2816219	106867	0.0187589992496400300143987994	5550	295858
3868482	106867	0.002203759911849603526015859	652	295858
2476850	106867	0.0047049598118016075279356989	1392	295858
5826083	106867	0.0207667191693312332267506709	6144	295858
1308371	106867	0.0016899999324000027039998918	500	295858
5149371	106867	0.0215373591385056344597746216	6372	295858
2825695	106867	0.0020753199169872033205118672	614	295858
5628220	106867	0.0117252195309912187603512496	3469	295858
2755194	106867	0.0137903994483840220646391174	4080	295858
2845231	106867	0.0170926593162936273482549061	5057	295858
3501962	106867	0.0157271393709144251634229935	4653	295858
2204295	106903	0.0532749498266739646049990878	292	5481
2820120	106903	0.1587301587301587301587301587	870	5481
1219452	106903	0.0895821930304688925378580551	491	5481
3825127	106903	0.1961320926838168217478562306	1075	5481
5835564	106903	0.0454296661193212917350848385	249	5481
1047997	106903	0.1612844371465061120233534027	884	5481
2119890	106903	0.0545520890348476555373107097	299	5481
5843945	106903	0.0848385331143951833607006021	465	5481
2845231	106903	0.0831964969896004378762999453	456	5481
1212483	106903	0.0729793833242109104178069695	400	5481
5619380	115425	0.1330500457964834306821423745	8861	66599
963632	115425	0.0314569287827144551719995796	2095	66599
3804573	115425	0.0074926049940689800147149357	499	66599
2839725	115425	0.0299103590143996156098439917	1992	66599
3395383	115425	0.0162615054280094295710145798	1083	66599
2592532	115425	0.0494301716241985615399630625	3292	66599
2982235	115425	0.0126728629559002387423234583	844	66599
1927417	115425	0.0059610504662232165648132855	397	66599
2757321	115425	0.0926290184537305364945419601	6169	66599
2676247	115425	0.0506764365831318788570398955	3375	66599
5552684	115425	0.0484391657532395381312031712	3226	66599
2937036	115425	0.0097599063048994729650595354	650	66599
737243	115425	0.0337392453340140242345981171	2247	66599
2655921	115425	0.0149701947476688839171759336	997	66599
5529477	115425	0.0044745416597846814516734486	298	66599
5557306	115425	0.0909623267616630880343548702	6058	66599
3836833	115425	0.0269523566419916214958182555	1795	66599
2829236	115425	0.0074025135512545233411913092	493	66599
5301662	115425	0.0417723989849697442904548116	2782	66599
2194118	115425	0.1366086577876544692863256205	9098	66599
5233780	115425	0.0239493085481763990450307062	1595	66599
5418941	115425	0.084986261054970795357287647	5660	66599
3033347	115425	0.0254508325950840102704244808	1695	66599
5507713	115425	0.0089941290409765912401087103	599	66599
2845231	115425	0.0119971771347918136908962597	799	66599
3804573	115443	0.0292151522654122307501856895	472	16156
693893	115443	0.0400470413468680366427333498	647	16156
2982235	115443	0.1930552116860609061648923001	3119	16156
5753871	115443	0.0229636048526863084922010399	371	16156
1927417	115443	0.1100519930675909878682842288	1778	16156
1902259	115443	0.0481554840307006684822975984	778	16156
5195710	115443	0.0778039118593711314681851944	1257	16156
3566908	115443	0.0571923743500866551126516464	924	16156
2648088	115443	0.0765040851695964347610794751	1236	16156
5557306	115443	0.0175167120574399603862342164	283	16156
3836833	115443	0.0731616736816043575142361971	1182	16156
2194118	115443	0.099962862094577865808368408	1615	16156
3639772	115443	0.043203763307749442931418668	698	16156
5418941	115443	0.1111661302302550136172319881	1796	16156
1322011	134444	0.0437020194611510439587306244	3575	81804
555792	134444	0.00852036575228595178719867	697	81804
5686026	134444	0.0377732140237641191139797565	3090	81804
5831937	134444	0.0044741088455332257591315828	366	81804
5091014	134444	0.0243753361693804703926458364	1994	81804
5431057	134444	0.0304263850178475380177008459	2489	81804
5479109	134444	0.0147547797173732335827098919	1207	81804
5137032	134444	0.1280255244242335338125275048	10473	81804
5430062	134444	0.0070045474548921813114273141	573	81804
5686390	134444	0.0229573126008508141411177938	1878	81804
3576779	134444	0.0135078969243557772236076475	1105	81804
1130877	134444	0.0009657229475331279644027187	79	81804
3608758	134444	0.0517089628869003960686518997	4230	81804
5069555	134444	0.0048897364432057112121656643	400	81804
5218470	134444	0.0130433719622512346584519094	1067	81804
3032060	134444	0.0511344188548237250012224341	4183	81804
5431471	134444	0.0581389663097159063126497482	4756	81804
843724	134444	0.0045230062099652828712532395	370	81804
3545321	134444	0.0109407852916727788372206738	895	81804
976812	134444	0.0426629504669698303261454208	3490	81804
2805912	134444	0.1167424575815363551904552345	9550	81804
510506	134444	0.0022003813994425700454745489	180	81804
5471459	134444	0.0035939562857561977409417632	294	81804
5568355	134444	0.0062588626473033103515720503	512	81804
1041502	134444	0.0109041122683487360031294313	892	81804
3731895	134444	0.1548457288152168598112561733	12667	81804
76219	134444	0.0285193878049973106449562369	2333	81804
2685511	134444	0.0049753068309618111583785634	407	81804
2541513	134444	0.0984303946017309667008948218	8052	81804
5556280	213173	0.0192735001449135349241619167	399	20702
5477919	213173	0.0675780117863008404985025601	1399	20702
1322011	213173	0.0066177180948700608636846681	137	20702
914645	213173	0.0227031204714520336199401024	470	20702
5561633	213173	0.177325862235532798763404502	3671	20702
5137032	213173	0.0709110230895565645831320645	1468	20702
5561647	213173	0.0684474929958458119988406917	1417	20702
3608758	213173	0.0394647860110134286542363057	817	20702
5508050	213173	0.019370109168196309535310598	401	20702
3731895	213173	0.5083083760023186165587865907	10523	20702
5556280	54106	0.0424009160888097207201475921	1333	31438
1145151	54106	0.0084929066734525097016349641	267	31438
555792	54106	0.04564539728990393790953623	1435	31438
2521980	54106	0.0047394872447356702080285005	149	31438
1269000	54106	0.5347986513136968000508938228	16813	31438
5761935	54106	0.0095107831286977543100706152	299	31438
3719558	54106	0.0018767097143584197468032318	59	31438
5430062	54106	0.128093390164768751192823971	4027	31438
870430	54106	0.051816273299828233348177365	1629	31438
3836826	54106	0.0076976906927921623512946116	242	31438
337594	54106	0.0341624785291685221706215408	1074	31438
3648503	54106	0.0612316305108467459762071379	1925	31438
2460309	54106	0.0222660474584897258095298683	700	31438
5427907	54106	0.0031808639226413894013614098	100	31438
510506	54106	0.0208346586933011005789172339	655	31438
5471459	54106	0.0172084738214899166613652268	541	31438
76219	54106	0.0060436414530186398625866785	190	31438
2477271	112919	0.2358411129416071755445725792	6442	27315
1910389	112919	0.1056928427603880651656598938	2887	27315
5283536	112919	0.1093538348892549881017755812	2987	27315
1905270	112919	0.1406919275123558484349258649	3843	27315
1941574	112919	0.0548050521691378363536518396	1497	27315
5649437	112919	0.0227713710415522606626395753	622	27315
5194475	112919	0.3308438586857038257367746659	9037	27315
2452532	150707	0.0083619052317407069386546952	339	40541
2700360	150707	0.0807824177992649416639944747	3275	40541
2477271	150707	0.0172664709799955600503194297	700	40541
5283536	150707	0.0130485187834537875237413976	529	40541
3644812	150707	0.0295996645371352458005475938	1200	40541
1865826	150707	0.4824498655681902271774253225	19559	40541
3554894	150707	0.0398608815766754643447374263	1616	40541
5236838	150707	0.0270836930514787499075010483	1098	40541
5359241	150707	0.0588786660417848597715892553	2387	40541
2387259	150707	0.0666979107570114205372339113	2704	40541
5747782	150707	0.1759700056732690362842554451	7134	40541
2452532	2846796	0.8283931357254290171606864275	2124	2564
5283536	2846796	0.1716068642745709828393135725	440	2564
5748340	608247	0.0849927149101505585235551238	700	8236
2452532	608247	0.4646673142302088392423506557	3827	8236
5283536	608247	0.1840699368625546381738708111	1516	8236
895954	608247	0.2662700339970859640602234094	2193	8236
895954	80732	0.277412834765032844871147044	549	1979
2387259	80732	0.722587165234967155128852956	1430	1979
5748340	875300	0.6375227686703096539162112933	700	1098
3644812	875300	0.3624772313296903460837887067	398	1098
454931	1049504	0.49585406301824212271973466	299	603
3804573	1049504	0.50414593698175787728026534	304	603
2204295	106752	0.0241074781639550801361648515	1990	82547
2820120	106752	0.0140889432686832955770651871	1163	82547
2047748	106752	0.0060329266963063466873417568	498	82547
5321507	106752	0.0042884659648442705367851042	354	82547
2674782	106752	0.0209941003307206803396852702	1733	82547
5619167	106752	0.0054393254751838346638884514	449	82547
3794760	106752	0.0214907870667619659103298727	1774	82547
2196153	106752	0.0102123638654342374647170703	843	82547
3395383	106752	0.0106605933589349098089573213	880	82547
5750024	106752	0.0362096744884732334306516288	2989	82547
1916066	106752	0.0083467600276206282481495391	689	82547
5516817	106752	0.1291991229239100149006020812	10665	82547
5195710	106752	0.0308430348771003186063697045	2546	82547
2676247	106752	0.0737761517680836372006250984	6090	82547
2522788	106752	0.0679491683525748967255018353	5609	82547
2764682	106752	0.0072685863810919839606527191	600	82547
737243	106752	0.0295831465710443747198565666	2442	82547
5808240	106752	0.043369232073848837631894557	3580	82547
616089	106752	0.0247979938701588186124268598	2047	82547
2829236	106752	0.0540540540540540540540540541	4462	82547
5130804	106752	0.0133257416986686372611966516	1100	82547
2194118	106752	0.0390201945558288005621040135	3221	82547
5725059	106752	0.0056694973772517474893091209	468	82547
1888227	106752	0.0639756744642446121603450156	5281	82547
3819756	106752	0.0054514397858189879704895393	450	82547
5418941	106752	0.048045355979018013979914473	3966	82547
2955425	106752	0.0058148691048735871685221752	480	82547
3033347	106752	0.0751208402485856542333458515	6201	82547
2895673	106752	0.0099337347208257114128920494	820	82547
2476850	106752	0.0205095279053145480756417556	1693	82547
5826083	106752	0.0469550680218542163858165651	3876	82547
2845231	106752	0.04346614655893006408470326	3588	82547
2204295	171364	0.0599443374009847998287304646	560	9342
2820120	171364	0.094840505245129522586169985	886	9342
1927417	171364	0.1928923142795975165917362449	1802	9342
3033347	171364	0.0834938985228002569043031471	780	9342
3868482	171364	0.2736030828516377649325626204	2556	9342
1887341	171364	0.295225861699850139156497538	2758	9342
5195710	2413026	0.1782273603082851637764932563	555	3114
2829236	2413026	0.7642903018625561978163134232	2380	3114
5418941	2413026	0.0574823378291586384071933205	179	3114
5351090	513543	0.3757716049382716049382716049	487	1296
5696901	513543	0.6242283950617283950617283951	809	1296
2820120	537995	0.0402047781569965870307167235	589	14650
454931	537995	0.0816382252559726962457337884	1196	14650
1884844	537995	0.076382252559726962457337884	1119	14650
3804573	537995	0.0187030716723549488054607509	274	14650
5321507	537995	0.0337883959044368600682593857	495	14650
5619167	537995	0.0246416382252559726962457338	361	14650
3475126	537995	0.1851877133105802047781569966	2713	14650
5834561	537995	0.0326962457337883959044368601	479	14650
5351090	537995	0.0333105802047781569965870307	488	14650
5195710	537995	0.0432081911262798634812286689	633	14650
2522788	537995	0.0406143344709897610921501706	595	14650
5278031	537995	0.0642320819112627986348122867	941	14650
599477	537995	0.0267576791808873720136518771	392	14650
3485564	537995	0.048191126279863481228668942	706	14650
3828773	537995	0.0972013651877133105802047782	1424	14650
3033347	537995	0.0440273037542662116040955631	645	14650
5843945	537995	0.0286689419795221843003412969	420	14650
5507713	537995	0.0805460750853242320819112628	1180	14650
3499789	135034	0.1075788673508171797795515013	7076	65775
555792	135034	0.1037476244773850247054351957	6824	65775
5686026	135034	0.0627442037248194602812618776	4127	65775
2521980	135034	0.012071455720258456860509312	794	65775
5091014	135034	0.0269555302166476624857468643	1773	65775
2699500	135034	0.0666514633219308247814519194	4384	65775
5839626	135034	0.1001900418091980235651843406	6590	65775
5828217	135034	0.3202736602052451539338654504	21066	65775
3576779	135034	0.0069631318890155834283542379	458	65775
409760	135034	0.1152413530976814899277841125	7580	65775
3823429	135034	0.0269251235271759787153173698	1771	65775
3545321	135034	0.0008817939946788293424553402	58	65775
5824733	135034	0.0091068034967692892436335994	599	65775
1041502	135034	0.0156442417331812998859749145	1029	65775
5433314	135034	0.0024781451919422272900038008	163	65775
5375344	135034	0.0113873052071455720258456861	749	65775
2685511	135034	0.0050931204865070315469403269	335	65775
2380855	135034	0.0060661345496009122006841505	399	65775
2751655	220769	0.0807228915662650602409638554	268	3320
3374474	220769	0.1810240963855421686746987952	601	3320
2460309	220769	0.2093373493975903614457831325	695	3320
1173534	220769	0.5289156626506024096385542169	1756	3320
5477919	309580	0.0665696616951618770461986177	549	8247
5091014	309580	0.1934036619376743058081726688	1595	8247
5431471	309580	0.0961561780041227112889535589	793	8247
5755572	309580	0.6438704983630411058566751546	5310	8247
2087678	80791	0.1251019046913214259245534722	1688	13493
5561633	80791	0.0419476765730378714889201808	566	13493
870430	80791	0.0325353887200770770028903876	439	13493
5561647	80791	0.0584747646928036759801378493	789	13493
923093	80791	0.6606388497739568665233824946	8914	13493
2918015	80791	0.0813014155488030830801156155	1097	13493
3794760	115448	0.0872240672006251220941590154	893	10238
1968181	115448	0.0578237937097089275249072084	592	10238
5552684	115448	0.2642117601093963664778277007	2705	10238
2937036	115448	0.2811095917171322523930455167	2878	10238
2648088	115448	0.1339128736081265872240672006	1371	10238
5434480	115448	0.1757179136550107442859933581	1799	10238
1884844	182617	0.0428981348637015781922525108	598	13940
2674782	182617	0.0447632711621233859397417504	624	13940
2648088	182617	0.669081779053084648493543759	9327	13940
599477	182617	0.0716642754662840746054519369	999	13940
5418941	182617	0.1013629842180774748923959828	1413	13940
2895673	182617	0.06441893830703012912482066	898	13940
393943	182617	0.0058106169296987087517934003	81	13940
5619380	6069258	0.5325443786982248520710059172	810	1521
3804573	6069258	0.3234714003944773175542406312	492	1521
2825695	6069258	0.1439842209072978303747534517	219	1521
750604	1049514	0.2322160148975791433891992551	1247	5370
5130804	1049514	0.1113594040968342644320297952	598	5370
5805089	1049514	0.4914338919925512104283054004	2639	5370
1249321	1049514	0.0886405959031657355679702048	476	5370
2816219	1049514	0.0763500931098696461824953445	410	5370
3804573	189400	0.0212008783221019156507912471	280	13207
2699181	189400	0.0340728401605209358673430756	450	13207
3058160	189400	0.0823805557658817293859317029	1088	13207
3566908	189400	0.188309229953812372226849398	2487	13207
3419582	189400	0.0527750435375179828878624972	697	13207
3485564	189400	0.0455818883925191186492011812	602	13207
3819756	189400	0.0453547361247823124100855607	599	13207
3033347	189400	0.0344514272734156129325357765	455	13207
2551302	189400	0.3696524570303626864541531006	4882	13207
1241599	189400	0.0438403876732036041493147573	579	13207
5507713	189400	0.0446732793215718936927386992	590	13207
3725311	189400	0.011281895964261376542742485	149	13207
3700991	189400	0.0264253804800484591504505187	349	13207
455946	29678	0.0174592932781720879037461571	460	26347
2196153	29678	0.026568489771131438114396326	700	26347
2186021	29678	0.456522564238812768057084298	12028	26347
5753871	29678	0.0043648233195430219759365393	115	26347
3566908	29678	0.0132462899001783884313204539	349	26347
2981748	29678	0.211826773446692223023494136	5581	26347
3275958	29678	0.0165104186434888222568034311	435	26347
5649261	29678	0.0208372869776445136068622614	549	26347
3819756	29678	0.0168140585265874672638251034	443	26347
2551302	29678	0.1128781265419212813603066763	2974	26347
5507713	29678	0.0149163092572209359699396516	393	26347
1308371	29678	0.0729494819144494629369567693	1922	26347
3725311	29678	0.0151060841841575890993281968	398	26347
1099487	659292	0.2425046890780551147020631943	8404	34655
5267888	659292	0.1396046746501226374260568461	4838	34655
998851	659292	0.3598903477131727023517529938	12472	34655
1015957	659292	0.2580002885586495455201269658	8941	34655
1099487	95891	0.7454034015759766025223077066	40014	53681
1026549	95891	0.0195227361636333153257204598	1048	53681
727039	95891	0.0048434269108250591456940072	260	53681
701204	95891	0.0086809113094018367765131052	466	53681
1976523	95891	0.0108790819843147482349434623	584	53681
5159977	95891	0.0131145097893109293791099272	704	53681
3416007	95891	0.0021795421098712766155623032	117	53681
5487474	95891	0.0167284514073880888955123787	898	53681
952475	95891	0.0070043404556547009183882566	376	53681
1961782	95891	0.0994206516272051563868035245	5337	53681
5804243	95891	0.0079171401426948082189228964	425	53681
5652219	95891	0.0643058065237234775805219724	3452	53681
555792	134527	0.1136870748299319727891156463	2089	18375
5831937	134527	0.6493605442176870748299319728	11932	18375
5839626	134527	0.0248163265306122448979591837	456	18375
2684155	134527	0.0537142857142857142857142857	987	18375
409760	134527	0.0878367346938775510204081633	1614	18375
5218470	134527	0.0162176870748299319727891156	298	18375
5471459	134527	0.0218775510204081632653061224	402	18375
2380855	134527	0.0324897959183673469387755102	597	18375
5831937	160162	0.3919071873231465761177136389	1385	3534
5137032	160162	0.5356536502546689303904923599	1893	3534
2684155	160162	0.0724391624221844934917940011	256	3534
1145151	3761785	0.1603375527426160337552742616	190	1185
5588654	3761785	0.8396624472573839662447257384	995	1185
2982235	115442	0.3904225352112676056338028169	693	1775
5278031	115442	0.2445070422535211267605633803	434	1775
2845231	115442	0.3650704225352112676056338028	648	1775
454931	1548113	0.0150558804794718860385662169	260	17269
5516817	1548113	0.0258845329781689733047657652	447	17269
2522788	1548113	0.0227575424170478892813712433	393	17269
5418941	1548113	0.0943887891597660547802420522	1630	17269
3868482	1548113	0.8419132549655451965950547223	14539	17269
454931	171363	0.3578680203045685279187817259	423	1182
1887341	171363	0.6421319796954314720812182741	759	1182
3804573	4673552	0.4387665198237885462555066079	498	1135
5284822	4673552	0.266960352422907488986784141	303	1135
2845231	4673552	0.2942731277533039647577092511	334	1135
5088832	69338	0.1041839933465549229096027126	3257	31262
2757321	69338	0.0162497600921246241443285778	508	31262
3848403	69338	0.6081504702194357366771159875	19012	31262
2335185	69338	0.1240163777109589917471690871	3877	31262
5233780	69338	0.0633356790992258972554539057	1980	31262
3849932	69338	0.0543471307018105047661697908	1699	31262
619049	69338	0.0297165888298893225001599386	929	31262
5312319	150702	0.060748199458690765631450984	5297	87196
5628348	150702	0.028556355796137437497132896	2490	87196
2949552	150702	0.1247304922244139639433001514	10876	87196
2565424	150702	0.0436831964769026102114775907	3809	87196
1817105	150702	0.1005550713335474104316711776	8768	87196
1865826	150702	0.2842102848754530024313041883	24782	87196
1376601	150702	0.003429056378732969402266159	299	87196
5550123	150702	0.1194664892884994724528648103	10417	87196
5236838	150702	0.0311596862241387219597229231	2717	87196
5208832	150702	0.0452543694664892884994724529	3946	87196
2450232	150702	0.0060553236386990228909583008	528	87196
3622186	150702	0.082446442497362264324051562	7189	87196
3863468	150702	0.0150236249369237120968851782	1310	87196
5181042	150702	0.0373411624386439744942428552	3256	87196
2387259	150702	0.0059291710628927932473966696	517	87196
5359417	150702	0.011411073902472590485802101	995	87196
5628348	368795	0.2926720285969615728328865058	655	2238
1817105	368795	0.7073279714030384271671134942	1583	2238
5312319	586387	0.0894399837381847748754954772	880	9839
3056366	586387	0.159365789206220144323610123	1568	9839
3235072	586387	0.2376257749771318223396686655	2338	9839
5462014	586387	0.0267303587762984043093810347	263	9839
1817105	586387	0.1091574346986482366094115256	1074	9839
1219537	586387	0.1855879662567334078666531152	1826	9839
2450232	586387	0.0508181725785140766338042484	500	9839
3622186	586387	0.1412745197682691330419758105	1390	9839
5312319	900182	0.2013596633214632567173842668	622	3089
3622186	900182	0.7986403366785367432826157332	2467	3089
5351090	102295	0.0632316994725331274926025987	983	15546
1927417	102295	0.0347999485398173163514730477	541	15546
3868482	102295	0.7265534542647626399073716712	11295	15546
5555663	102295	0.1754148977228869162485526824	2727	15546
1884844	115416	0.7932226832641770401106500692	1147	1446
1968181	115416	0.2067773167358229598893499308	299	1446
1884844	15136458	0.5955188679245283018867924528	505	848
5734870	15136458	0.2358490566037735849056603774	200	848
1214966	15136458	0.1686320754716981132075471698	143	848
5507713	1570340	0.5885678391959798994974874372	937	1592
2845231	1570340	0.4114321608040201005025125628	655	1592
1884844	6223743	0.6658711217183770883054892601	558	838
5137558	6223743	0.3341288782816229116945107399	280	838
1884844	6492888	0.3482003129890453834115805947	445	1278
5555663	6492888	0.6517996870109546165884194053	833	1278
1219452	90735	0.1577287066246056782334384858	600	3804
3871344	90735	0.4269190325972660357518401682	1624	3804
5130804	90735	0.1290746582544689800210304942	491	3804
1249321	90735	0.2744479495268138801261829653	1044	3804
3033347	90735	0.0118296529968454258675078864	45	3804
5723876	3534486	0.6300617707618393960192175704	918	1457
3501962	3534486	0.3699382292381606039807824296	539	1457
2105559	537119	0.2091648189209164818920916482	283	1353
3395383	537119	0.7908351810790835181079083518	1070	1353
2105559	641117	0.3462432223082881487219209915	447	1291
2674782	641117	0.6537567776917118512780790085	844	1291
5136848	134762	0.0338581241261929365995988086	1114	32902
2699500	134762	0.0178712540271108139322837517	588	32902
559301	134762	0.319646222114157194091544587	10517	32902
528851	134762	0.064798492492857577046988025	2132	32902
2260047	134762	0.3333839888152695884748647499	10969	32902
2684155	134762	0.0524588170931858245699349584	1726	32902
5660344	134762	0.1498085222782809555650112455	4929	32902
2805912	134762	0.0281745790529451097197738739	927	32902
5804770	134466	0.0263318298183591369011337316	432	16406
2822892	134466	0.3832744118005607704498354261	6288	16406
3374474	134466	0.0803364622699012556381811532	1318	16406
923093	134466	0.4302084603193953431671339754	7058	16406
976812	134466	0.0484578812629525783250030477	795	16406
1041502	134466	0.0313909545288309155187126661	515	16406
914645	199605	0.0208486632327691930340936963	85	4077
3685732	199605	0.5047829286239882266372332597	2058	4077
788167	199605	0.4743684081432425803286730439	1934	4077
1322011	2518337	0.0777450257921886514369933677	1266	16284
2699500	2518337	0.2645541635961680176860722181	4308	16284
2327305	2518337	0.2436747727830999754360108082	3968	16284
2632205	2518337	0.0542864161139769098501596659	884	16284
3608758	2518337	0.0728936379267993122083026283	1187	16284
923093	2518337	0.2868459837877671333824613117	4671	16284
1322011	2518589	0.2791811846689895470383275261	641	2296
923093	2518589	0.7208188153310104529616724739	1655	2296
3374474	42256	0.7082884822389666307857911733	658	929
5568355	42256	0.2917115177610333692142088267	271	929
1322011	56026	0.0445930880713489409141583055	200	4485
2521980	56026	0.0762541806020066889632107023	342	4485
1269000	56026	0.3527313266443701226309921962	1582	4485
870430	56026	0.1297658862876254180602006689	582	4485
1130877	56026	0.0945373467112597547380156076	424	4485
3374474	56026	0.3021181716833890746934225195	1355	4485
2676247	152421	0.4049541284403669724770642202	2207	5450
5278031	152421	0.0939449541284403669724770642	512	5450
2013760	152421	0.091743119266055045871559633	500	5450
3033347	152421	0.1091743119266055045871559633	595	5450
494570	152421	0.3001834862385321100917431193	1636	5450
3395383	177672	0.1505622086113904378828046439	3294	21878
3871344	177672	0.1233202303684066185208885639	2698	21878
5418941	177672	0.5292988390163634701526647774	11580	21878
3868482	177672	0.0268306060883078892037663406	587	21878
1887341	177672	0.1552701343815705274705183289	3397	21878
2825695	177672	0.0147179815339610567693573453	322	21878
963632	549632	0.0922437673130193905817174515	999	10830
2839725	549632	0.0756232686980609418282548476	819	10830
3395383	549632	0.2337026777469990766389658356	2531	10830
5432744	549632	0.0253000923361034164358264081	274	10830
3868482	549632	0.4352723915050784856879039705	4714	10830
494570	549632	0.0462603878116343490304709141	501	10830
3161311	549632	0.0915974145891043397968605725	992	10830
2492119	747172	0.065675934803451581975071908	274	4172
5552684	747172	0.934324065196548418024928092	3898	4172
2955425	106786	0.4667444574095682613768961494	400	857
2845231	106786	0.5332555425904317386231038506	457	857
1968181	139805	0.4708674498635338791978165421	3968	8427
5081405	139805	0.1286341521300581464340809303	1084	8427
3161311	139805	0.4004983980064079743681025276	3375	8427
1902259	7057828	0.0581320450885668276972624799	361	6210
3639919	7057828	0.2929146537842190016103059581	1819	6210
5081405	7057828	0.1610305958132045088566827697	1000	6210
2895673	7057828	0.2555555555555555555555555556	1587	6210
3161311	7057828	0.2323671497584541062801932367	1443	6210
2473757	109815	0.0530640348863897176956621529	1156	21785
3415059	109815	0.1177415652972228597658939637	2565	21785
5649133	109815	0.0091806288730778058296993344	200	21785
5670964	109815	0.0671563002065641496442506312	1463	21785
5723934	109815	0.0641266926784484737204498508	1397	21785
5416443	109815	0.108744549001606610052788616	2369	21785
2978874	109815	0.0789534083084691301354142759	1720	21785
753905	109815	0.4080330502639430801009869176	8889	21785
1279122	109815	0.0746385127381225613954555887	1626	21785
5467001	109815	0.0183612577461556116593986688	400	21785
5513529	129472	0.0546455163483327937843962447	844	15445
3092609	129472	0.2591129815474263515700874069	4002	15445
384232	129472	0.2296536095823891226934282939	3547	15445
2571235	129472	0.0192942699902881191324053092	298	15445
871734	129472	0.3305924247329232761411460019	5106	15445
1004209	129472	0.1067011977986403366785367433	1648	15445
5513529	45007	0.0853338164688830510009964671	942	11039
3380243	45007	0.1536371048102183168765286711	1696	11039
2338735	45007	0.2685931696711658664734124468	2965	11039
5346147	45007	0.0090587915572062686837575867	100	11039
2978874	45007	0.4833771174925264969653048283	5336	11039
3611720	77421	0.3804702808621815806662312214	1165	3062
5533488	77421	0.101241018941868060091443501	310	3062
753905	77421	0.5182887001959503592423252776	1587	3062
5698711	93400	0.1919194697323908798371792404	6978	36359
3472457	93400	0.0657333810060782749800599576	2390	36359
5513529	93400	0.3331499766220193074617013669	12113	36359
871734	93400	0.0817404219037927335735306252	2972	36359
735488	93400	0.0272284716301328419373470117	990	36359
5171904	93400	0.0150719216700129266481476388	548	36359
2451856	93400	0.2851563574355730355620341594	10368	36359
2186021	29674	0.393337173579109062980030722	8194	20832
5435348	29674	0.0563076036866359447004608295	1173	20832
2981748	29674	0.0265456989247311827956989247	553	20832
3275958	29674	0.2148137480798771121351766513	4475	20832
2013760	29674	0.047427035330261136712749616	988	20832
5649261	29674	0.0574116743471582181259600614	1196	20832
5725059	29674	0.0101286482334869431643625192	211	20832
1308371	29674	0.1940284178187403993855606759	4042	20832
3835148	106891	0.1735898557061652820288587669	794	4574
3033347	106891	0.2951464801049409707039790118	1350	4574
2816219	106891	0.0867949278530826410144293835	397	4574
5526870	106891	0.0415391342369916921731526017	190	4574
1123879	106891	0.1357673808482728465238303454	621	4574
3725311	106891	0.0485351989505902929602098819	222	4574
3161311	106891	0.2186270222999562745955400087	1000	4574
3804573	247698	0.1931776047460140897293288839	521	2697
5126943	247698	0.221357063403781979977753059	597	2697
5081405	247698	0.3952539859102706711160548758	1066	2697
3033347	247698	0.1902113459399332591768631813	513	2697
2186021	29679	0.426370239929561963460268545	1937	4543
2981748	29679	0.1118203830068236847897864847	508	4543
3032108	29679	0.1760950913493286374642306846	800	4543
3472481	29679	0.2857142857142857142857142857	1298	4543
3804573	4642192	0.4873294346978557504873294347	500	1026
3825127	4642192	0.5126705653021442495126705653	526	1026
3825127	473307	0.2825928623452294246176256373	388	1373
5651027	473307	0.1995630007283321194464675892	274	1373
5233780	473307	0.3641660597232337946103423161	500	1373
1212483	473307	0.1536780772032046613255644574	211	1373
2751655	74729	0.1330798479087452471482889734	245	1841
2918015	74729	0.8669201520912547528517110266	1596	1841
5768444	168210	0.8033738635118852010077774126	14668	18258
5635045	168210	0.1644758462044035491291488663	3003	18258
1961782	168210	0.0321502902837112498630737211	587	18258
5768444	732884	0.1490003772161448509996227839	1580	10604
456811	732884	0.5573368540173519426631459826	5910	10604
2088824	732884	0.2936627687665032063372312335	3114	10604
5768444	784269	0.5815126050420168067226890756	692	1190
1961782	784269	0.4184873949579831932773109244	498	1190
1026158	74843	0.084147896302592435189120272	198	2353
2565424	74843	0.8839779005524861878453038674	2080	2353
5676543	74843	0.0318742031449213769655758606	75	2353
5126943	676248	0.7350546638753198418236799256	3160	4299
1254203	676248	0.0851360781577110956036287509	366	4299
2551302	676248	0.1798092579669690625726913236	773	4299
5417806	1251228	0.4125295508274231678486997636	349	846
3066903	1251228	0.5874704491725768321513002364	497	846
5418579	598264	0.9070597362296353762606671839	5846	6445
3066903	598264	0.0929402637703646237393328161	599	6445
5418579	69987	0.0783158624274452048860781426	904	11543
469590	69987	0.5388547171445897946807589015	6220	11543
3066903	69987	0.10387247682578185913540674	1199	11543
1367999	69987	0.2789569436021831412977562159	3220	11543
3776775	123305	0.1347387717690192483959670027	147	1091
3148435	123305	0.1833180568285976168652612282	200	1091
5533488	123305	0.681943171402383134738771769	744	1091
3776775	1240669	0.4422933730454206999255398362	594	1343
1004209	1240669	0.5577066269545793000744601638	749	1343
2338735	50425	0.9536187563710499490316004077	11226	11772
405471	50425	0.0463812436289500509683995923	546	11772
5669386	80840	0.1094573643410852713178294574	353	3225
5831937	80840	0.2452713178294573643410852713	791	3225
3603662	80840	0.4564341085271317829457364341	1472	3225
3468070	80840	0.1888372093023255813953488372	609	3225
2839725	2653392	0.1124148372445117335352006056	594	5284
5126943	2653392	0.4388720666161998485995457986	2319	5284
5233780	2653392	0.4487130961392884178652535958	2371	5284
3091201	534716	0.2652519893899204244031830239	500	1885
1257271	534716	0.4694960212201591511936339523	885	1885
5748171	534716	0.2652519893899204244031830239	500	1885
3091201	6041184	0.1390021964229683087543144023	443	3187
5748171	6041184	0.8609978035770316912456855977	2744	3187
5595644	196013	0.0535134521512089908048586673	2357	44045
5643546	196013	0.0731297536610284935861051198	3221	44045
2906844	196013	0.021568850039732092178453854	950	44045
5747855	196013	0.0265637416278805766829379044	1170	44045
5164766	196013	0.0977182427063230786695425133	4304	44045
1992797	196013	0.1089113406743103644000454081	4797	44045
5788687	196013	0.0406402542853899421046656828	1790	44045
3148435	196013	0.2158474287660347372005903054	9507	44045
1225321	196013	0.0604608922692700647065501192	2663	44045
3693283	196013	0.1271426949710523328414121921	5600	44045
5581265	196013	0.1707571801566579634464751958	7521	44045
5467001	196013	0.0037461686911113633783630378	165	44045
5516817	150396	0.6129970902036857419980601358	632	1031
2551302	150396	0.3870029097963142580019398642	399	1031
5734870	7057827	0.3330536912751677852348993289	397	1192
5126943	7057827	0.6669463087248322147651006711	795	1192
903068	732421	0.6477382098171318575553416747	1346	2078
3639919	732421	0.3522617901828681424446583253	732	2078
693893	911229	0.1503837771249881550270065384	1587	10553
2196153	911229	0.1512366151805173884203544016	1596	10553
2186021	911229	0.3601819387851795697905808775	3801	10553
3669494	911229	0.0471903724059509144319150952	498	10553
737243	911229	0.0383777124988155027006538425	405	10553
2829236	911229	0.0466218137022647588363498531	492	10553
3033347	911229	0.0456742158627878328437411163	482	10553
2551302	911229	0.0370510755235478063110016109	391	10553
3725311	911229	0.037335354875390884108784232	394	10553
2845231	911229	0.0859471240405571875296124325	907	10553
903068	6102161	0.23304927751018895887365691	1258	5398
5772247	6102161	0.1100407558354946276398666173	594	5398
1806420	6102161	0.3317895516858095590959614672	1791	5398
5806136	6102161	0.3251204149685068543905150056	1755	5398
2290149	697359	0.6367713004484304932735426009	1420	2230
5164766	697359	0.3632286995515695067264573991	810	2230
2521980	1400634	0.258450891668884748469523556	971	3757
5153515	1400634	0.741549108331115251530476444	2786	3757
2521980	294417	0.0929255194956805977118841933	398	4283
992235	294417	0.8762549614756012141022647677	3753	4283
3374474	294417	0.030819519028718188185851039	132	4283
2521980	748080	0.241025641025641025641025641	94	390
1041502	748080	0.758974358974358974358974359	296	390
3722319	1101326	0.2344428364688856729377713459	486	2073
5561633	1101326	0.2402315484804630969609261939	498	2073
5355771	1101326	0.1910274963820549927641099855	396	2073
5561647	1101326	0.3342981186685962373371924747	693	2073
3722319	809576	0.0312595770763101440392277046	102	3263
5355771	809576	0.1072632546736132393502911431	350	3263
5561647	809576	0.7152926754520380018387986515	2334	3263
2632205	809576	0.1461844927980386147716825008	477	3263
2632205	809719	0.667362560890744606819763396	959	1437
3823429	809719	0.332637439109255393180236604	478	1437
5654186	309578	0.6775700934579439252336448598	870	1284
5824733	309578	0.3224299065420560747663551402	414	1284
2949552	1470243	0.5021570319240724762726488352	582	1159
5462014	1470243	0.4978429680759275237273511648	577	1159
5628348	164035	0.0222960390558155921284412905	443	19869
1929741	164035	0.0827419598369319039710101163	1644	19869
3606719	164035	0.228194675122049423725401379	4534	19869
3622046	164035	0.2503900548593286023453621219	4975	19869
1865826	164035	0.3917660677437213750062912074	7784	19869
1845361	164035	0.0246112033821531028234938849	489	19869
5628348	176417	0.1243770543950800551373131163	2346	18862
1817105	176417	0.2313646484996288834694093945	4364	18862
5550123	176417	0.0497296150991411303149188845	938	18862
1219537	176417	0.4443855370586364118333156611	8382	18862
2450232	176417	0.072526773406849750821758032	1368	18862
3622186	176417	0.0654755593256282472696426678	1235	18862
3863468	176417	0.0121408122150355211536422437	229	18862
5181042	233778	0.6240530303030303030303030303	1977	3168
5359417	233778	0.3759469696969696969696969697	1191	3168
2565424	273523	0.0934232250963126031920748487	679	7268
1817105	273523	0.1235553109521188772702256467	898	7268
5550123	273523	0.1590533847000550357732526142	1156	7268
1219537	273523	0.2870115575123830489818381948	2086	7268
2450232	273523	0.2080352228948816730875068795	1512	7268
3863468	273523	0.0330214639515685195376995047	240	7268
5359417	273523	0.0958998348926802421574023115	697	7268
5628348	866567	0.4723926380368098159509202454	693	1467
1817105	866567	0.5276073619631901840490797546	774	1467
2700360	165581	0.3860667634252539912917271408	798	2067
5244116	165581	0.6139332365747460087082728592	1269	2067
1971399	136644	0.0415312329031635181668973063	2581	62146
383775	136644	0.9040807131593344704405754192	56185	62146
5613935	136644	0.0543880539375020113925272745	3380	62146
1971399	1578164	0.885915005194676693217236432	17907	20213
5785074	1578164	0.114084994805323306782763568	2306	20213
3425618	115413	0.1283971044467425025853154085	3104	24175
5586032	115413	0.003061013443640124095139607	74	24175
405471	115413	0.0798759048603929679420889349	1931	24175
308404	115413	0.490796277145811789038262668	11865	24175
2997963	115413	0.2112926577042399172699069286	5108	24175
3836016	115413	0.0410754912099276111685625646	993	24175
753905	115413	0.0455015511892450879007238883	1100	24175
3425618	73611	0.0868902861258067196631858848	3137	36103
5513529	73611	0.1547793812148574910672243304	5588	36103
3092609	73611	0.0696341024291610115502866798	2514	36103
2962301	73611	0.407279173475888430324349777	14704	36103
384232	73611	0.1783231310417416835166052683	6438	36103
3581281	73611	0.0427665290973049331080519624	1544	36103
5722379	73611	0.0216602498407334570534304628	782	36103
3485564	73611	0.0220757277788549428025371853	797	36103
5416443	73611	0.0165914189956513309143284492	599	36103
1047997	640261	0.0649953574744661095636025998	560	8616
528942	640261	0.6357938718662952646239554318	5478	8616
2845231	640261	0.2992107706592386258124419684	2578	8616
3611720	170022	0.272292449607106252135292108	797	2927
2978874	170022	0.2579432866416125725999316707	755	2927
5678287	170022	0.235394601981551076187222412	689	2927
1004209	170022	0.2343696617697300990775538094	686	2927
5595644	1266415	0.4581395348837209302325581395	591	1290
3143660	1266415	0.5418604651162790697674418605	699	1290
5595644	204640	0.7518987341772151898734177215	594	790
5526782	204640	0.2481012658227848101265822785	196	790
5595644	232559	0.288184438040345821325648415	500	1735
1043033	232559	0.711815561959654178674351585	1235	1735
5425805	208329	0.0674693321217628350749659246	297	4402
2526445	208329	0.9325306678782371649250340754	4105	4402
5425805	524791	0.2123438648052902277736958119	289	1361
871734	524791	0.7876561351947097722263041881	1072	1361
2834825	171378	0.0053885116930703739627114991	100	18558
469590	171378	0.6565901498006250673563961634	12185	18558
1367999	171378	0.3380213385063045586808923375	6273	18558
1929741	217480	0.8521545319465081723625557207	1147	1346
3622046	217480	0.1478454680534918276374442793	199	1346
2452532	486988	0.4955863808322824716267339218	393	793
774531	486988	0.5044136191677175283732660782	400	793
2452532	266130	0.0734323432343234323432343234	356	4848
2924703	266130	0.1235561056105610561056105611	599	4848
1941574	266130	0.8030115511551155115511551155	3893	4848
2452532	3301040	0.6752136752136752136752136752	1185	1755
895954	3301040	0.3247863247863247863247863248	570	1755
469590	69879	0.3484076433121019108280254777	1094	3140
1367999	69879	0.6515923566878980891719745223	2046	3140
5310156	115567	0.4925681255161023947151114781	5965	12110
5600034	115567	0.3199834847233691164327002477	3875	12110
3548297	115567	0.0955408753096614368290668869	1157	12110
5129165	115567	0.0919075144508670520231213873	1113	12110
560903	2279650	0.9427745664739884393063583815	3262	3460
5244028	2279650	0.0572254335260115606936416185	198	3460
560903	236057	0.5503422115939638822462274264	6674	12127
3380243	236057	0.4496577884060361177537725736	5453	12127
1026549	194014	0.2395498392282958199356913183	149	622
1804189	194014	0.7604501607717041800643086817	473	622
2904109	201488	0.3785337805462386200287494011	8690	22957
533861	201488	0.5347824193056584048438384806	12277	22957
268073	201488	0.0744870845493749183255651871	1710	22957
1241599	201488	0.0121967155987280568018469312	280	22957
5321507	189395	0.1596567132420739059507766508	2251	14099
1964990	189395	0.2747712603730761046882757642	3874	14099
3583433	189395	0.1811475991205050003546350805	2554	14099
2655921	189395	0.0283708064401730619192850557	400	14099
3204690	189395	0.0211362507979289311298673665	298	14099
3485564	189395	0.0938364423008724022980353217	1323	14099
3828773	189395	0.0124122278175757145896872119	175	14099
2955425	189395	0.1666784878360167387757997021	2350	14099
2551302	189395	0.0619902120717781402936378467	874	14099
5321507	2578963	0.4247787610619469026548672566	528	1243
363651	2578963	0.5752212389380530973451327434	715	1243
5643546	640514	0.4936886395511921458625525947	352	713
919504	640514	0.5063113604488078541374474053	361	713
1834353	129594	0.2222433550473111121677523656	4674	21031
5106618	129594	0.6571251961390328562598069516	13820	21031
3682345	129594	0.0265322618991013266130949551	558	21031
1353563	129594	0.0940991869145547049593457277	1979	21031
1834353	508515	0.4844357976653696498054474708	498	1028
5106618	508515	0.5155642023346303501945525292	530	1028
5429880	131351	0.0086512317706187690533080662	315	36411
3660066	131351	0.0099969789349372442393782099	364	36411
5537975	131351	0.1305374749388920930488039329	4753	36411
1222141	131351	0.2088929169756392299030512757	7606	36411
3802150	131351	0.0099969789349372442393782099	364	36411
850128	131351	0.1140864024607948147537831974	4154	36411
786751	131351	0.2940594875175084452500617945	10707	36411
5416443	131351	0.0974980088434813655214083656	3550	36411
2978874	131351	0.0466617231056548845129219192	1699	36411
5705080	131351	0.0796187965175359094779050287	2899	36411
2924703	1052174	0.4858055885850178359096313912	6537	13456
1941574	1052174	0.2856718192627824019024970273	3844	13456
5194475	1052174	0.2285225921521997621878715815	3075	13456
2924703	396186	0.3617091752235839682013911891	2184	6038
1905270	396186	0.1313348790990394170255051342	793	6038
1941574	396186	0.2136469029479960251738986419	1290	6038
5649437	396186	0.1323285856243789334216628023	799	6038
2743777	396186	0.1609804571050016561775422325	972	6038
5619167	182657	0.0623134328358208955223880597	334	5360
1852136	182657	0.6447761194029850746268656716	3456	5360
5432192	182657	0.2929104477611940298507462687	1570	5360
1968181	911230	0.3189557321225879682179341657	281	881
5526870	911230	0.6810442678774120317820658343	600	881
2751655	485349	0.4360041623309053069719042664	838	1922
2918015	485349	0.5639958376690946930280957336	1084	1922
3392146	31941683	0.0267295597484276729559748428	51	1908
3468070	31941683	0.4737945492662473794549266247	904	1908
2841310	31941683	0.3432914046121593291404612159	655	1908
2672028	31941683	0.1561844863731656184486373166	298	1908
5429880	1175148	0.2848676412485183721849071513	721	2531
507457	1175148	0.7151323587514816278150928487	1810	2531
5429880	152726	0.0631145666590441344614680997	552	8746
5650693	152726	0.0226389206494397438829179053	198	8746
2138653	152726	0.3983535330436771095357877887	3484	8746
858706	152726	0.1396066773382117539446604162	1221	8746
3143660	152726	0.3762863023096272581751657901	3291	8746
5429880	182242	0.2002720163209792587555253315	2356	11764
5638049	182242	0.7997279836790207412444746685	9408	11764
5429880	195905	0.4191829484902309058614564831	944	2252
2037344	195905	0.3112788632326820603907637655	701	2252
2138653	195905	0.0261989342806394316163410302	59	2252
2094991	195905	0.2433392539964476021314387211	548	2252
693893	38623	0.0684931506849315068493150685	775	11315
2196153	38623	0.454175872735307114449845338	5139	11315
2186021	38623	0.4082191780821917808219178082	4619	11315
5649261	38623	0.0351745470614228899690676094	398	11315
3657144	38623	0.0339372514361467079098541759	384	11315
5106618	67316	0.7535944471988101140307387209	1520	2017
1353563	67316	0.2464055528011898859692612791	497	2017
5804770	393134	0.4524137931034482758620689655	328	725
2003140	393134	0.5475862068965517241379310345	397	725
2927551	1372128	0.0844177236040191072310986658	1025	12142
1935170	1372128	0.7068851918958985340141657058	8583	12142
2589561	1372128	0.1858013506835776643057156976	2256	12142
2541513	1372128	0.0228957338165046944490199308	278	12142
3835148	106907	0.5274488697524219590958019376	490	929
5529477	106907	0.3110871905274488697524219591	289	929
2292583	106907	0.1614639397201291711517761033	150	929
2785651	244572	0.2813411078717201166180758017	386	1372
5233780	244572	0.7186588921282798833819241983	986	1372
3152913	6151659	0.1261826355130416601327688046	2414	19131
2143892	6151659	0.014270032930845225027442371	273	19131
998851	6151659	0.3758820762113846636349380586	7191	19131
1243862	6151659	0.2324499503423762479744916627	4447	19131
1264362	6151659	0.0940358580314672521039151116	1799	19131
435391	6151659	0.1303643301447911766243270085	2494	19131
2379516	6151659	0.0268151168260937745021169829	513	19131
1379152	571886	0.3054571226080793763288447909	1293	4233
868081	571886	0.6945428773919206236711552091	2940	4233
3395383	177673	0.0635867222302054892944388562	4425	69590
5696901	177673	0.0071130909613450208363270585	495	69590
5130804	177673	0.0251329213967524069550222733	1749	69590
5418941	177673	0.0043253340997269722661301911	301	69590
3868482	177673	0.3396177611725822675671791924	23634	69590
1887341	177673	0.5602241701393878430809024285	38986	69590
3794760	678663	0.3180124223602484472049689441	768	2415
737243	678663	0.6819875776397515527950310559	1647	2415
5267888	2208776	0.3051706390054636154881621664	3854	12629
2143892	2208776	0.0102937683110301686594346346	130	12629
1264362	2208776	0.4644073164937841475968010135	5865	12629
435391	2208776	0.0661176656900783910048301528	835	12629
1015957	2208776	0.1540106104996436772507720326	1945	12629
5267888	781000	0.1722802820448249811130697557	10946	63536
1804189	781000	0.0093332913623772349534122387	593	63536
5190753	781000	0.0023608662805338705615713926	150	63536
2143892	781000	0.0013378242256358599848904558	85	63536
998851	781000	0.3122639133719466129438428607	19840	63536
1264362	781000	0.3303796272979098463863006799	20991	63536
435391	781000	0.0290386552505666079073281289	1845	63536
1015957	781000	0.1430055401662049861495844875	9086	63536
2196153	6499000	0.4498714652956298200514138817	700	1556
2186021	6499000	0.5501285347043701799485861183	856	1556
5171606	1240639	0.1969561324977618621307072516	220	1117
1004209	1240639	0.8030438675022381378692927484	897	1117
2997963	124271	0.8003355704697986577181208054	1431	1788
753905	124271	0.1996644295302013422818791946	357	1788
3660066	152730	0.5248112189859762675296655879	973	1854
3455251	152730	0.188781014023732470334412082	350	1854
2571235	152730	0.1040992448759439050701186624	193	1854
5416443	152730	0.1823085221143473570658036677	338	1854
3660066	235105	0.7817796610169491525423728814	1107	1416
2571235	235105	0.2182203389830508474576271186	309	1416
3660066	2699242	0.4339440694310511089681774349	450	1037
850128	2699242	0.5660559305689488910318225651	587	1037
3660066	465880	0.1528651292802236198462613557	875	5724
5513529	465880	0.2267645003494060097833682739	1298	5724
1222141	465880	0.0513626834381551362683438155	294	5724
753905	465880	0.2615303983228511530398322851	1497	5724
960506	465880	0.3074772886093640810621942697	1760	5724
1817824	47649	0.0020638029942633272701832937	59	28588
5227535	47649	0.0556877011333426612564712467	1592	28588
2997963	47649	0.2606688120889883867356932979	7452	28588
1040789	47649	0.0441443962501748985588358752	1262	28588
5182437	47649	0.5225968938015950748565831818	14940	28588
2978874	47649	0.0381978452497551420176297747	1092	28588
753905	47649	0.0766405484818805093046033301	2191	28588
5722379	53691	0.1732193732193732193732193732	608	3510
5785074	53691	0.2270655270655270655270655271	797	3510
5414326	53691	0.2193732193732193732193732194	770	3510
960506	53691	0.3803418803418803418803418803	1335	3510
5513529	77375	0.2814973181801132740707400323	7505	26661
5747855	77375	0.0393833689659052548666591651	1050	26661
2138653	77375	0.0210044634484828025955515547	560	26661
1222141	77375	0.0373954465323881324781516072	997	26661
5533488	77375	0.1045722215970893814935673831	2788	26661
3836016	77375	0.3154795394021229511271145118	8411	26661
5416443	77375	0.1363039645924759011289899104	3634	26661
2978874	77375	0.0643636772814223022392258355	1716	26661
3660066	903827	0.6428571428571428571428571429	711	1106
5416443	903827	0.3571428571428571428571428571	395	1106
2908080	80235661	0.5066803699897225077081192189	493	973
3739836	80235661	0.4933196300102774922918807811	480	973
5414731	854727	0.2093240093240093240093240093	898	4290
3739836	854727	0.1862470862470862470862470862	799	4290
1367999	854727	0.4132867132867132867132867133	1773	4290
799954	854727	0.1911421911421911421911421911	820	4290
3719558	80783	0.5012531328320802005012531328	200	399
5170288	80783	0.4987468671679197994987468672	199	399
5803496	42255	0.6142857142857142857142857143	989	1610
5091014	42255	0.3031055900621118012422360248	488	1610
3719558	42255	0.0826086956521739130434782609	133	1610
3395383	2269093	0.3618512300167895466822395795	4957	13699
3871344	2269093	0.0933644791590627053069567122	1279	13699
5696901	2269093	0.1305204759471494269654719323	1788	13699
3868482	2269093	0.0790568654646324549237170596	1083	13699
1887341	2269093	0.3352069494123658661216147164	4592	13699
3395383	5505941	0.3828599573140699392546379905	2332	6091
1927417	5505941	0.0942373994417993761287144968	574	6091
5696901	5505941	0.1471022820554917090789689706	896	6091
1887341	5505941	0.3758003611886389755376785421	2289	6091
3066903	101062	0.383962991518889745566692367	498	1297
3041644	101062	0.616037008481110254433307633	799	1297
3873862	181583	0.5387848681696599159342758884	1410	2617
641415	181583	0.304547191440580817730225449	797	2617
3041644	181583	0.1566679403897592663354986626	410	2617
3850507	198703	0.1449946785200025042258811745	6948	47919
442596	198703	0.2191823702497965316471545733	10503	47919
5435348	198703	0.02502139026273503203322273	1199	47919
3682345	198703	0.1592896345917068386235105073	7633	47919
5262827	198703	0.0573050355808760616874308729	2746	47919
5305334	198703	0.0124793923078528349923829796	598	47919
3873862	198703	0.0636908115778709906300214946	3052	47919
2198629	198703	0.0410901730002712911371272355	1969	47919
1361369	198703	0.0104134059558838873933095432	499	47919
2499340	198703	0.072789498946138275005738851	3488	47919
5693635	198703	0.0243744652434316241991694317	1168	47919
3143660	198703	0.0126880777979507084872388823	608	47919
753905	198703	0.1084747177528746426260982074	5198	47919
3041644	198703	0.0094951897994532440159435714	455	47919
5670376	198703	0.0387111584131555332957699451	1855	47919
2499340	198713	0.148827420324714371617558629	495	3326
1367999	198713	0.6710763680096211665664461816	2232	3326
3041644	198713	0.1800962116656644618159951894	599	3326
3850507	8206753	0.8442534908700322234156820623	1572	1862
3041644	8206753	0.1557465091299677765843179377	290	1862
5839626	54558	0.6062329953005194162750432847	2451	4043
3648503	54558	0.3937670046994805837249567153	1592	4043
1219537	121890	0.9082954147707385369268463423	2595	2857
5181042	121890	0.0917045852292614630731536577	262	2857
3056366	46781	0.0091643927302682386860938063	178	19423
2565424	46781	0.0662101632085671626422282861	1286	19423
1865826	46781	0.7025691190856201410698656232	13646	19423
3554894	46781	0.1518303042784327858724192967	2949	19423
1376601	46781	0.0151881789630850023168408588	295	19423
3622186	46781	0.0550378417340266694125521289	1069	19423
3498456	2547062	0.8654664484451718494271685761	2644	3055
5375344	2547062	0.1345335515548281505728314239	411	3055
998851	1188366	0.9138215210736990817047327525	11643	12741
435391	1188366	0.0861784789263009182952672475	1098	12741
998851	1188368	0.5065909923105089710728670817	8301	16386
435391	1188368	0.4934090076894910289271329183	8085	16386
1804189	1427182	0.6134969325153374233128834356	300	489
5525289	1427182	0.3865030674846625766871165644	189	489
5190753	280557	0.0086306098964326812428078251	60	6952
1218120	280557	0.0845799769850402761795166858	588	6952
1986181	280557	0.1547756041426927502876869965	1076	6952
5194629	280557	0.0546605293440736478711162255	380	6952
315777	280557	0.697353279631760644418872267	4848	6952
1231153	293854	0.6150855365474339035769828927	791	1286
868081	293854	0.3849144634525660964230171073	495	1286
998851	485881	0.4855755765101297731304266642	5201	10711
1243862	485881	0.3367566053589767528708804033	3607	10711
435391	485881	0.1776678181308934739986929325	1903	10711
1804189	485882	0.2718773373223635003739715782	1454	5348
1264362	485882	0.7281226626776364996260284218	3894	5348
1804189	95898	0.6331444759206798866855524079	894	1412
5525289	95898	0.2252124645892351274787535411	318	1412
3843371	95898	0.141643059490084985835694051	200	1412
5205133	150714	0.139706871050154632244184483	1039	7437
1850226	150714	0.0328089283313163910178835552	244	7437
5142431	150714	0.6404464165658195508941777598	4763	7437
1376601	150714	0.1200752991797767917170902246	893	7437
5129165	150714	0.0669624848729326341266639774	498	7437
667174	170138	0.4408655028276370789279567249	1793	4067
3415059	170138	0.5591344971723629210720432751	2274	4067
667174	185674	0.1596742349457058242843040474	647	4052
2211315	185674	0.4918558736426456071076011846	1993	4052
988207	185674	0.0439289239881539980256663376	178	4052
753905	185674	0.2351924975320829220138203356	953	4052
5785481	185674	0.0693484698914116485686080948	281	4052
667174	210140	0.225765479700612383760489907	4977	22045
2473757	210140	0.0348831934679065547743252438	769	22045
5513529	210140	0.1374461329099569063279655251	3030	22045
1821714	210140	0.0313903379451122703560898163	692	22045
988207	210140	0.0259015649807212519845770016	571	22045
5670964	210140	0.0219097300975277840780222273	483	22045
1040789	210140	0.0612837378090269902472215922	1351	22045
3836016	210140	0.0402812429122249943297799955	888	22045
2978874	210140	0.0614198230891358584713086868	1354	22045
753905	210140	0.156225901564980721251984577	3444	22045
960506	210140	0.065230210932184168745747335	1438	22045
5785481	210140	0.1382626445906101156724880925	3048	22045
697245	87954	0.7673130193905817174515235457	554	722
2094991	87954	0.2326869806094182825484764543	168	722
1349755	1273774	0.2568940493468795355587808418	1062	4134
1098180	1273774	0.1095791001451378809869375907	453	4134
735488	1273774	0.4695210449927431059506531205	1941	4134
3626479	1273774	0.164005805515239477503628447	678	4134
1098180	1315606	0.5264255910987482614742698192	757	1438
3626479	1315606	0.4735744089012517385257301808	681	1438
5478169	170548	0.3314191960623461853978671042	404	1219
5635045	170548	0.6685808039376538146021328958	815	1219
762223	652151	0.6374670184696569920844327177	2416	3790
5665048	652151	0.3625329815303430079155672823	1374	3790
3730478	461056	0.2195463455614673760851302156	784	3571
5533488	461056	0.7804536544385326239148697844	2787	3571
5804770	4326019	0.700903861955628594905505341	853	1217
2685511	4326019	0.299096138044371405094494659	364	1217
2962401	44971	0.2112720175417459820245295294	8768	41501
3728077	44971	0.0040480952266210452760174454	168	41501
2338735	44971	0.0835642514638201489120744078	3468	41501
5716090	44971	0.0742391749596395267583913641	3081	41501
2997963	44971	0.5945398906050456615503240886	24674	41501
3836016	44971	0.0190597816920074215079154719	791	41501
5553381	44971	0.0132767885111202139707476928	551	41501
2338735	557811	0.5417483339866718933751470012	1382	2551
2997963	557811	0.4582516660133281066248529988	1169	2551
1927417	102294	0.1091844512195121951219512195	573	5248
5696901	102294	0.8908155487804878048780487805	4675	5248
3395383	33792202	0.5179263565891472868217054264	1069	2064
3868482	33792202	0.4820736434108527131782945736	995	2064
5696901	5505954	0.4890730972117558402411454408	649	1327
3868482	5505954	0.5109269027882441597588545592	678	1327
1821714	233033	0.5698162205353575709149021175	5705	10012
2834965	233033	0.4301837794646424290850978825	4307	10012
1269000	55987	0.653559725945784927018170986	2194	3357
3836826	55987	0.0887697348823354185284480191	298	3357
682052	55987	0.2576705391718796544533809949	865	3357
5665048	3076790	0.275974025974025974025974026	170	616
1257271	3076790	0.724025974025974025974025974	446	616
5665048	54411	0.0159151193633952254641909814	150	9425
5348309	54411	0.9840848806366047745358090186	9275	9425
5526782	1775773	0.2118644067796610169491525424	100	472
919504	1775773	0.6355932203389830508474576271	300	472
5454751	1775773	0.1525423728813559322033898305	72	472
2526445	285491	0.7191719171917191719171917192	2397	3333
5346147	285491	0.2808280828082808280828082808	936	3333
2526445	39071	0.5288079470198675496688741722	1597	3020
5747855	39071	0.161258278145695364238410596	487	3020
697245	39071	0.1774834437086092715231788079	536	3020
2571235	39071	0.1324503311258278145695364238	400	3020
405471	46888	0.3723270440251572327044025157	296	795
919240	46888	0.6276729559748427672955974843	499	795
3825127	36890	0.2433102081268582755203171457	491	2018
2522788	36890	0.290882061446977205153617443	587	2018
737243	36890	0.173439048562933597621407334	350	2018
3819756	36890	0.2923686818632309217046580773	590	2018
1916066	7058106	0.6065276518585675430643699003	669	1103
535701	7058106	0.3934723481414324569356300997	434	1103
3583433	7057826	0.5374748030053142752428074033	2933	5457
5103734	7057826	0.0912589334799340296866410115	498	5457
5552684	7057826	0.3712662635147516950705515851	2026	5457
2699500	1116813	0.2154865826058842547688328484	1333	6186
3374474	1116813	0.2137083737471710313611380537	1322	6186
923093	1116813	0.453119948270287746524409958	2803	6186
976812	1116813	0.11768509537665696734561914	728	6186
5537975	170169	0.1152	360	3125
3113350	170169	0.2336	730	3125
5533488	170169	0.3312	1035	3125
5723934	170169	0.32	1000	3125
1043033	50381	0.8218759547815459822792545066	2690	3273
1004209	50381	0.1781240452184540177207454934	583	3273
2327305	3090117	0.1652518392756083757781550651	292	1767
923093	3090117	0.8347481607243916242218449349	1475	1767
5462014	701579	0.0648048693161475116362334407	181	2793
5550123	701579	0.3995703544575725026852846402	1116	2793
1219537	701579	0.5356247762262799856784819191	1496	2793
2138653	125327	0.3802556599414754350839365471	2469	6493
1174409	125327	0.4173725550592946249807484984	2710	6493
5723934	125327	0.2023717849992299399353149546	1314	6493
5513529	131360	0.3953949980150853513298928146	1992	5038
3380243	131360	0.3902342199285430726478761413	1966	5038
1222141	131360	0.1151250496228662167526796348	580	5038
1174409	131360	0.0992457324335053592695514093	500	5038
5513529	191289	0.8019867549668874172185430464	1211	1510
5849001	191289	0.1980132450331125827814569536	299	1510
5513529	232565	0.1836105976586568083795440542	298	1623
308404	232565	0.6420209488601355514479359211	1042	1623
5785481	232565	0.1743684534812076401725200246	283	1623
5513529	8416209	0.5686939665616670705112672644	2347	4127
2138653	8416209	0.3610370729343348679428156046	1490	4127
3730478	8416209	0.0702689605039980615459171311	290	4127
2906844	622958	0.24	276	1150
3148435	622958	0.5539130434782608695652173913	637	1150
1225321	622958	0.2060869565217391304347826087	237	1150
5747855	70806555	0.3544929925803792250618301731	430	1213
2138653	70806555	0.6455070074196207749381698269	783	1213
1821714	121907	0.1665403274711946634323832626	2197	13192
2834965	121907	0.8334596725288053365676167374	10995	13192
1821714	286024	0.5429590017825311942959001783	1523	2805
1004209	286024	0.4570409982174688057040998217	1282	2805
1994228	80811	0.2105695509309967141292442497	769	3652
5665283	80811	0.1694961664841182913472070099	619	3652
3468070	80811	0.6199342825848849945235487404	2264	3652
5351090	109462	0.3380420963412911428167820314	2393	7079
3038080	109462	0.6619579036587088571832179686	4686	7079
5351090	168217	0.1198753296571565571805322465	500	4171
3871344	168217	0.1750179812994485734835770798	730	4171
3868482	168217	0.2608487173339726684248381683	1088	4171
1887341	168217	0.4442579717094222009110525054	1853	4171
5750024	3591669	0.2230098146128680479825517993	818	3668
1916066	3591669	0.6194111232279171210468920393	2272	3668
2522788	3591669	0.1575790621592148309705561614	578	3668
5750024	7024725	0.5390946502057613168724279835	1441	2673
2522788	7024725	0.4609053497942386831275720165	1232	2673
3813885	6118096	0.3734177215189873417721518987	885	2370
1806420	6118096	0.6265822784810126582278481013	1485	2370
1946232	1057615	0.6358287685128829377155609657	3134	4929
3719558	1057615	0.3641712314871170622844390343	1795	4929
1946232	7533894	0.9119150609516319307904050334	4638	5086
3719558	7533894	0.0880849390483680692095949666	448	5086
2592532	37935722	0.3193313330475782254607801114	745	2333
3639919	37935722	0.6806686669524217745392198886	1588	2333
2592532	4731882	0.0592737477676673186495450293	697	11759
2982235	4731882	0.4476571137001445701165065057	5264	11759
1902259	4731882	0.0369079003316608555149247385	434	11759
3639919	4731882	0.2114125350795135640785781104	2486	11759
5808240	4731882	0.1981461008589165745386512459	2330	11759
3849150	4731882	0.0041670210051875159452334382	49	11759
3161311	4731882	0.0424355812569096011565609321	499	11759
391801	35930	0.3382352941176470588235294118	276	816
5533488	35930	0.6617647058823529411764705882	540	816
2982235	7057829	0.472972972972972972972972973	350	740
1902259	7057829	0.527027027027027027027027027	390	740
5478169	169828	0.0254098360655737704918032787	93	3660
1231153	169828	0.189071038251366120218579235	692	3660
5635045	169828	0.6221311475409836065573770492	2277	3660
1961782	169828	0.1633879781420765027322404372	598	3660
701204	467713	0.8916967509025270758122743682	741	831
1961782	467713	0.1083032490974729241877256318	90	831
701204	8795196	0.8674351585014409221902017291	301	347
5194629	8795196	0.1325648414985590778097982709	46	347
3005648	170014	0.340546697038724373576309795	299	878
960506	170014	0.659453302961275626423690205	579	878
5137032	17434649	0.9322120285423037716615698267	1829	1962
2685511	17434649	0.0677879714576962283384301733	133	1962
5382179	192392	0.1713596138374899436846339501	852	4972
796185	192392	0.8286403861625100563153660499	4120	4972
5069555	553035	0.2324840764331210191082802548	292	1256
3823429	553035	0.7675159235668789808917197452	964	1256
5533488	80817	0.6465061655901350557839107457	1101	1703
5723934	80817	0.3534938344098649442160892543	602	1703
3871344	168216	0.7199074074074074074074074074	1244	1728
2845231	168216	0.2800925925925925925925925926	484	1728
5066363	39378	0.0982779097387173396674584323	331	3368
5244116	39378	0.5605700712589073634204275534	1888	3368
2574512	39378	0.3411520190023752969121140143	1149	3368
1976523	1886398	0.5098039215686274509803921569	598	1173
868081	1886398	0.4901960784313725490196078431	575	1173
1231153	280527	0.4929925803792250618301731245	598	1213
868081	280527	0.5070074196207749381698268755	615	1213
1231153	95893	0.9132420091324200913242009132	800	876
1986181	95893	0.0867579908675799086757990868	76	876
5462014	3618152	0.9140425531914893617021276596	3222	3525
2387259	3618152	0.0859574468085106382978723404	303	3525
5244116	374924	0.630952380952380952380952381	1696	2688
5649437	374924	0.369047619047619047619047619	992	2688
3868482	34771221	0.6393171806167400881057268722	1161	1816
2845231	34771221	0.3606828193832599118942731278	655	1816
3622186	10118268	0.6241778891324772940808017538	1993	3193
5359417	10118268	0.3758221108675227059191982462	1200	3193
1817105	147306	0.2618254497001998667554963358	786	3002
5181042	147306	0.5393071285809460359760159893	1619	3002
5359417	147306	0.1988674217188540972684876749	597	3002
2565424	455342	0.5570866141732283464566929134	566	1016
5181042	455342	0.4429133858267716535433070866	450	1016
3719558	213496	0.0123734533183352080989876265	99	8001
2751655	213496	0.0344956880389951256092988376	276	8001
5382179	213496	0.3557055368078990126234220722	2846	8001
2822892	213496	0.0806149231346081739782527184	645	8001
923093	213496	0.4763154605674290713660792401	3811	8001
2685511	213496	0.0404949381327334083239595051	324	8001
5635045	731736	0.2955738934733683420855213803	394	1333
1257271	731736	0.7044261065266316579144786197	939	1333
3802150	217437	0.5738461538461538461538461538	1119	1950
786751	217437	0.4261538461538461538461538462	831	1950
3802150	143815	0.0786705931846865797223390829	187	2377
850128	143815	0.4808582246529238535969709718	1143	2377
786751	143815	0.4404711821623895666806899453	1047	2377
5549728	189398	0.3867028493894165535956580733	285	737
3204690	189398	0.6132971506105834464043419267	452	737
1257271	2389449	0.6163358281809306866254474455	1894	3073
5352886	2389449	0.3836641718190693133745525545	1179	3073
2962301	290835	0.480229885057471264367816092	2089	4350
638411	290835	0.519770114942528735632183908	2261	4350
3380243	244188	0.1243745532523230879199428163	348	2798
638411	244188	0.8756254467476769120800571837	2450	2798
5171606	142603	0.5012531328320802005012531328	200	399
894287	142603	0.4987468671679197994987468672	199	399
5255489	1437527	0.2757417102966841186736474695	158	573
391801	1437527	0.7242582897033158813263525305	415	573
5255489	1829284	0.0739198334200937011972930765	142	1921
391801	1829284	0.9260801665799062988027069235	1779	1921
2260047	134465	0.435042735042735042735042735	3054	7020
5402508	134465	0.564957264957264957264957265	3966	7020
1961782	23391	0.2305019305019305019305019305	597	2590
3849868	23391	0.7694980694980694980694980695	1993	2590
535701	2809509	0.512987012987012987012987013	395	770
2655921	2809509	0.487012987012987012987012987	375	770
5439413	21468728	0.7777777777777777777777777778	1400	1800
3032060	21468728	0.2222222222222222222222222222	400	1800
599477	1666966	0.2	390	1950
5418941	1666966	0.8	1560	1950
3058160	1440625	0.1239329750237116661397407525	392	3163
2764682	1440625	0.6079671198229528928232690484	1923	3163
750604	1440625	0.1106544419854568447676256718	350	3163
5434480	1440625	0.1574454631678785962693645273	498	3163
3566908	1894654	0.2847873107426099495313626532	395	1387
2829236	1894654	0.7152126892573900504686373468	992	1387
2834965	121674	0.9028584708343016500116198001	3885	4303
753905	121674	0.0971415291656983499883801999	418	4303
5588654	841905	0.7159590043923865300146412884	489	683
2751655	841905	0.2840409956076134699853587116	194	683
2834965	277818	0.9090271445605667391456828225	12960	14257
2997963	277818	0.0909728554394332608543171775	1297	14257
479197	129400	0.4863491313083559862900366387	4115	8461
2825673	129400	0.0639404325729819170310837962	541	8461
5130804	129400	0.0694953315210967970689043848	588	8461
1249321	129400	0.0963243115470984517196548871	815	8461
3849932	129400	0.2838907930504668478903202931	2402	8461
505150	181600	0.1840490797546012269938650307	300	1630
2825673	181600	0.8159509202453987730061349693	1330	1630
479197	211993	0.2939739413680781758957654723	361	1228
505150	211993	0.2312703583061889250814332248	284	1228
2825673	211993	0.4747557003257328990228013029	583	1228
479197	24386574	0.3345323741007194244604316547	93	278
2825673	24386574	0.6654676258992805755395683453	185	278
5693797	12824343	0.8150873965041398344066237351	886	1087
3161311	12824343	0.1849126034958601655933762649	201	1087
2143892	11095410	0.0168388825105243015690776885	88	5226
998851	11095410	0.5579793340987370838117106774	2916	5226
1264362	11095410	0.4251817833907386146192116341	2222	5226
2143892	2317572	0.0354430379746835443037974684	70	1975
1264362	2317572	0.7068354430379746835443037975	1396	1975
435391	2317572	0.2577215189873417721518987342	509	1975
998851	6336718	0.428776565192418150488225158	1493	3482
435391	6336718	0.571223434807581849511774842	1989	3482
579530	467372	0.417495029821073558648111332	420	1006
2094991	467372	0.582504970178926441351888668	586	1006
2632205	234578	0.1435544071202985931668102211	500	3483
3576779	234578	0.72724662647143267298306058	2533	3483
5749220	234578	0.129198966408268733850129199	450	3483
998851	1518513	0.8595083336359344929009767965	23670	27539
1015957	1518513	0.1404916663640655070990232035	3869	27539
1222141	143813	0.2909545644018340975406419341	1396	4798
391801	143813	0.0456440183409754064193413922	219	4798
850128	143813	0.2471863276365152146727803251	1186	4798
786751	143813	0.4162150896206752813672363485	1997	4798
5525464	115577	0.1130153999006458022851465474	910	8052
3480781	115577	0.0878042722305017386984600099	707	8052
3548297	115577	0.2220566318926974664679582712	1788	8052
5129165	115577	0.5771236959761549925484351714	4647	8052
2499340	181584	0.3348247576435495898583146905	449	1341
641415	181584	0.6651752423564504101416853095	892	1341
750604	5639372	0.3419293218720152817574021012	358	1047
5805089	5639372	0.6580706781279847182425978988	689	1047
1098180	16887	0.1261352169525731584258324924	250	1982
3626479	16887	0.8738647830474268415741675076	1732	1982
2841310	55892103	0.229379891631547260686333534	1143	4983
2672028	55892103	0.770620108368452739313666466	3840	4983
2817705	7067595	0.5285374554102259215219976219	889	1682
2194118	7067595	0.4714625445897740784780023781	793	1682
2817705	9568563	0.4242204496011602610587382161	585	1379
2194118	9568563	0.5757795503988397389412617839	794	1379
2929369	232555	0.2969798657718120805369127517	531	1788
850128	232555	0.2897091722595078299776286353	518	1788
2571235	232555	0.413310961968680089485458613	739	1788
2822892	655642	0.1520484708597807270628967109	527	3466
5749220	655642	0.0553952683208309290248124639	192	3466
5375344	655642	0.7925562608193883439122908252	2747	3466
1986181	781001	0.1524390243902439024390243902	100	656
5194629	781001	0.8475609756097560975609756098	556	656
3472481	1663020	0.5978391356542617046818727491	498	833
2292583	1663020	0.4021608643457382953181272509	335	833
992235	253299	0.8510762070971495055264688773	1463	1719
3005342	253299	0.1489237929028504944735311227	256	1719
5431471	120154	0.4682926829268292682926829268	384	820
693495	120154	0.5317073170731707317073170732	436	820
5808917	2449939	0.7125864453665283540802213001	2576	3615
3033347	2449939	0.2213001383125864453665283541	800	3615
3725311	2449939	0.0661134163208852005532503458	239	3615
5808917	2449965	0.9150707743547044129891756869	1099	1201
3033347	2449965	0.0849292256452955870108243131	102	1201
2499340	1583012	0.6734234234234234234234234234	1196	1776
1367999	1583012	0.3265765765765765765765765766	580	1776
2460309	554163	0.3663793103448275862068965517	85	232
5427907	554163	0.6336206896551724137931034483	147	232
5418941	1570342	0.3017329255861365953109072375	296	981
1887341	1570342	0.6982670744138634046890927625	685	981
3580234	10116861	0.1113172541743970315398886827	60	539
5824733	10116861	0.8886827458256029684601113173	479	539
3580234	9160012	0.25	110	440
5824733	9160012	0.75	330	440
435391	18924068	0.0969162995594713656387665198	330	3405
2379516	18924068	0.9030837004405286343612334802	3075	3405
