5108616	119515	0.0163691478612327382957224655	243	14845
3062647	119515	0.2239137756820478275513640957	3324	14845
1116319	119515	0.0065341865948130683731896261	97	14845
2857056	119515	0.0189289323004378578646008757	281	14845
626648	119515	0.2093634220276187268440552375	3108	14845
2503578	119515	0.3541259683395082519366790165	5257	14845
5672621	119515	0.0379252273492758504546985517	563	14845
2564201	119515	0.0037049511620074099023240148	55	14845
5218199	119515	0.0121252947120242505894240485	180	14845
3475769	119515	0.0341529134388683058268777366	507	14845
2724662	119515	0.0076793533176153587066352307	114	14845
530775	119515	0.0714718760525429437521050859	1061	14845
5852402	119515	0.0037049511620074099023240148	55	14845
5140132	119519	0.1051957555799487742407610684	575	5466
242230	119519	0.0098792535675082327113062569	54	5466
2890852	119519	0.0675082327113062568605927552	369	5466
3434543	119519	0.0318331503841931942919868277	174	5466
626648	119519	0.0486644712769849981705085986	266	5466
1169618	119519	0.0718990120746432491767288694	393	5466
3278570	119519	0.040614709110867178924259056	222	5466
5507929	119519	0.0312843029637760702524698134	171	5466
530775	119519	0.2041712403951701427003293085	1116	5466
682842	119519	0.0728137577753384559092572265	398	5466
5397280	119519	0.2561287961946578851079399927	1400	5466
2845343	119519	0.0600073179656055616538602269	328	5466
5108616	119550	0.01199303309280915650659368	241	20095
2119641	119550	0.0183130131873600398108982334	368	20095
3058369	119550	0.0099527245583478477233142573	200	20095
1276623	119550	0.0542423488429957700920627022	1090	20095
527187	119550	0.0523513311769096790246329933	1052	20095
1982144	119550	0.0083602886290121920875839761	168	20095
5712893	119550	0.0700671808907688479721323712	1408	20095
3516120	119550	0.0172679771087335157999502364	347	20095
5358326	119550	0.0048768350335904453844239861	98	20095
5168997	119550	0.0095048519532221945757651157	191	20095
5070036	119550	0.0198556854939039562080119433	399	20095
5336672	119550	0.0195571037571535207763125156	393	20095
5843916	119550	0.0382682259268474744961433192	769	20095
789406	119550	0.0785269967653645185369494899	1578	20095
5672621	119550	0.0408559343120179149042050261	821	20095
5514436	119550	0.01199303309280915650659368	241	20095
3278570	119550	0.0195073401343617815376959443	392	20095
5218199	119550	0.0042299079372978352824085593	85	20095
1253711	119550	0.2239363025628265737745707888	4500	20095
5507929	119550	0.0323961184374222443393879074	651	20095
3475769	119550	0.0328937546653396367255536203	661	20095
2167509	119550	0.0987807912416023886538940035	1985	20095
682842	119550	0.0483204777307788006966907191	971	20095
675104	119550	0.0247822841502861408310525006	498	20095
1019739	119550	0.0209504851953222194575765116	421	20095
5670145	119550	0.0282159741229161482955959194	567	20095
3115102	127237799	0.3925233644859813084112149533	42	107
3105709	127237799	0.6074766355140186915887850467	65	107
3115102	152876213	0.5285714285714285714285714286	259	490
544335	152876213	0.4714285714285714285714285714	231	490
5108616	222589	0.0408260147163541419416093045	172	4213
2373518	222589	0.283408497507714217896985521	1194	4213
850105	222589	0.3465464039876572513648231664	1460	4213
5777039	222589	0.1362449560882981248516496558	574	4213
5089585	222589	0.1383812010443864229765013055	583	4213
626648	222589	0.0545929266555898409684310468	230	4213
1982144	2970174	0.3558052434456928838951310861	95	267
5070036	2970174	0.6441947565543071161048689139	172	267
3434543	36867016	0.7035294117647058823529411765	299	425
2411205	36867016	0.2964705882352941176470588235	126	425
1116319	4685426	0.05918057663125948406676783	78	1318
1169618	4685426	0.2359635811836115326251896813	311	1318
5504912	4685426	0.3945371775417298937784522003	520	1318
1171412	4685426	0.0910470409711684370257966616	120	1318
3837631	4685426	0.2192716236722306525037936267	289	1318
661644	515996	0.0500037824343747635978515773	1322	26438
3062647	515996	0.0375217489976548906876465693	992	26438
1248687	515996	0.0545048793403434450412285347	1441	26438
3871173	515996	0.006997503593312656025417959	185	26438
527187	515996	0.1082532718057341705121416143	2862	26438
2373518	515996	0.0179287389363794538164762841	474	26438
5060568	515996	0.0275739465920266283379983357	729	26438
820814	515996	0.0217868219986383236250851048	576	26438
2890852	515996	0.0184204554050987215371813299	487	26438
5267294	515996	0.0128981012179438686738785082	341	26438
477733	515996	0.0340040850291247446856797035	899	26438
5276867	515996	0.0051819350934261290566608669	137	26438
3392284	515996	0.0470534836220591572736213027	1244	26438
3429382	515996	0.0257205537483924653907254709	680	26438
1220863	515996	0.0053710568121643089492397307	142	26438
2859476	515996	0.127770633179514335426280354	3378	26438
5208447	515996	0.0193660639987896210000756487	512	26438
5476794	515996	0.0165292382177169226113926923	437	26438
5507929	515996	0.0359331265602541795899841138	950	26438
5106763	515996	0.1690748165519328239655041985	4470	26438
2167509	515996	0.0250775399046826537559573341	663	26438
675104	515996	0.0148271427490733035781829185	392	26438
1019739	515996	0.0521597700279900143732506241	1379	26438
2892665	515996	0.0075270444057795597246387775	199	26438
3660547	515996	0.0139193584991300400938043725	368	26438
2845343	515996	0.0110447083743097057266056434	292	26438
3374429	515996	0.0220894167486194114532112868	584	26438
2930388	515996	0.0114607761555337014902791437	303	26438
3115102	5830131	0.1088550479413423575860124083	193	1773
3058369	5830131	0.1099830795262267343485617597	195	1773
5336672	5830131	0.1979695431472081218274111675	351	1773
626648	5830131	0.2256063169768753525098702764	400	1773
5397280	5830131	0.209813874788494077834179357	372	1773
5615642	5830131	0.147772137619853355893965031	262	1773
3115102	59006635	0.1395939086294416243654822335	55	394
1982144	59006635	0.1065989847715736040609137056	42	394
3837631	59006635	0.7538071065989847715736040609	297	394
1169618	623334	0.393129770992366412213740458	206	524
2939949	623334	0.4389312977099236641221374046	230	524
3837631	623334	0.1679389312977099236641221374	88	524
3878074	623354	0.0213849287169042769857433809	42	1964
3516120	623354	0.4485743380855397148676171079	881	1964
5852402	623354	0.1787169042769857433808553971	351	1964
5168401	623354	0.3513238289205702647657841141	690	1964
3115102	7383705	0.6384180790960451977401129944	113	177
3837631	7383705	0.3615819209039548022598870056	64	177
643939	119518	0.0083057935834819992396104466	284	34193
5108616	119518	0.0069019974848653233117889627	236	34193
1230359	119518	0.0072237007574649782119147194	247	34193
3062647	119518	0.0115813178135875764045272424	396	34193
5140132	119518	0.0161436551340917731699470652	552	34193
1248687	119518	0.0183370865381803293071681338	627	34193
5060568	119518	0.0496885327406194250285146083	1699	34193
5712893	119518	0.0182493492820167870616792911	624	34193
820814	119518	0.0266428801216623285467785804	911	34193
850105	119518	0.1354663235165092270347731992	4632	34193
5070036	119518	0.0482847366420027491006931243	1651	34193
2890852	119518	0.0259117363202994765010382242	886	34193
3804642	119518	0.0040359137835229432924867663	138	34193
5843916	119518	0.0102945047231889568040242155	352	34193
3719608	119518	0.0403883835872839470066972772	1381	34193
789406	119518	0.0073114380136285204574035621	250	34193
5829115	119518	0.0420261457023367355891556751	1437	34193
3760037	119518	0.0038604392711958588015090808	132	34193
1169618	119518	0.03035709063258561693913959	1038	34193
477733	119518	0.0677039160062000994355569853	2315	34193
2277140	119518	0.0047378118328312812563975083	162	34193
5276867	119518	0.0164946041587459421519024362	564	34193
3607855	119518	0.0028660837013423800193021964	98	34193
3278570	119518	0.019302196355979294007545404	660	34193
2755719	119518	0.0202965519258327727897522885	694	34193
5233778	119518	0.0481969993858392068552042816	1648	34193
5106763	119518	0.1164858304331295879273535519	3983	34193
5103645	119518	0.0034509987424326616558944813	118	34193
530775	119518	0.1602959670107916825081156962	5481	34193
675104	119518	0.0076623870382826894393589331	262	34193
1019739	119518	0.0158511976135466323516509227	542	34193
5670145	119518	0.0023104144123066124645395256	79	34193
2930388	119518	0.0033340157342146053285760243	114	34193
643939	191958	0.5698113207547169811320754717	1057	1855
1276623	191958	0.4301886792452830188679245283	798	1855
643939	45355	0.7171428571428571428571428571	753	1050
1276623	45355	0.2828571428571428571428571429	297	1050
5843916	119516	0.3033586132177681473456121343	280	923
5276867	119516	0.106175514626218851570964247	98	923
5337091	119516	0.2686890574214517876489707476	248	923
1019739	119516	0.3217768147345612134344528711	297	923
1116319	1255850	0.0849107625743645213628988643	157	1849
5371630	1255850	0.1352082206598161168199026501	250	1849
2564201	1255850	0.2028123309897241752298539751	375	1849
2277140	1255850	0.1195240670632774472687939427	221	1849
5397280	1255850	0.4575446187128177393185505679	846	1849
5801705	12705581	0.3012457531143827859569648924	266	883
2859476	12705581	0.6987542468856172140430351076	617	883
661644	1392890	0.8036494073611977542108546475	5153	6412
2984119	1392890	0.0435121646912039925140361822	279	6412
612253	1392890	0.1528384279475982532751091703	980	6412
5108616	139413	0.0257497727961223871554074523	170	6602
2119641	139413	0.0892153892759769766737352317	589	6602
1116319	139413	0.0245380187821872159951529839	162	6602
527187	139413	0.5090881551045137837019085126	3361	6602
5770572	139413	0.0866404119963647379581944865	572	6602
850105	139413	0.150106028476219327476522266	991	6602
5305124	139413	0.0910330202968797334141169343	601	6602
2930388	139413	0.0236292032717358376249621327	156	6602
661644	139416	0.0810045074050225370251126851	1258	15530
5108616	139416	0.0443013522215067611075338055	688	15530
2119641	139416	0.0377978106889890534449452672	587	15530
5175884	139416	0.0588538312942691564713457824	914	15530
2373518	139416	0.0354153251770766258853831294	550	15530
3434311	139416	0.0477141017385705086928525435	741	15530
626648	139416	0.2509980682549903412749517064	3898	15530
3719608	139416	0.0335479716677398583386992917	521	15530
5829115	139416	0.0147456535737282678686413393	229	15530
5276867	139416	0.0136509980682549903412749517	212	15530
3429382	139416	0.0500321957501609787508048938	777	15530
3278570	139416	0.0810045074050225370251126851	1258	15530
2755719	139416	0.0059884095299420476497102382	93	15530
5104378	139416	0.0088216355441081777205408886	137	15530
2167509	139416	0.0627173213135866065679330328	974	15530
682842	139416	0.0510624597553122987765614939	793	15530
5168401	139416	0.0591113972955569864777849324	918	15530
3374429	139416	0.0632324533161622665808113329	982	15530
3871173	139473	0.0116692034500253678335870117	115	9855
1982144	139473	0.0250634195839675291730086251	247	9855
5610982	139473	0.0232369355657026889903602232	229	9855
3105709	139473	0.1533231861998985286656519533	1511	9855
3516120	139473	0.0355149670218163368848300355	350	9855
5089585	139473	0.1775748351090816844241501776	1750	9855
5843916	139473	0.0395738203957382039573820396	390	9855
789406	139473	0.424048706240487062404870624	4179	9855
2755719	139473	0.0055809233891425672247590056	55	9855
675104	139473	0.0134956874682902080162354135	133	9855
5168401	139473	0.0909183155758498224251648909	896	9855
5712893	1688067	0.3104631217838765008576329331	543	1749
3434311	1688067	0.6895368782161234991423670669	1206	1749
2119641	1755716	0.142454954954954954954954955	253	1776
1116319	1755716	0.1413288288288288288288288288	251	1776
5528066	1755716	0.1109234234234234234234234234	197	1776
3105709	1755716	0.2083333333333333333333333333	370	1776
5712893	1755716	0.2347972972972972972972972973	417	1776
5337091	1755716	0.1621621621621621621621621622	288	1776
527187	2957295	0.9040675364543361473522640061	2356	2606
5801705	2957295	0.0959324635456638526477359939	250	2606
661644	3088351	0.1318611987381703470031545741	1254	9510
3719608	3088351	0.2365930599369085173501577287	2250	9510
2859476	3088351	0.366876971608832807570977918	3489	9510
5106763	3088351	0.2646687697160883280757097792	2517	9510
5667319	346287	0.0360804416403785488958990536	549	15216
1248687	346287	0.0706493165089379600420609884	1075	15216
763616	346287	0.0545478443743427970557308097	830	15216
3434311	346287	0.0454127234490010515247108307	691	15216
850105	346287	0.2442166140904311251314405889	3716	15216
5777039	346287	0.0891167192429022082018927445	1356	15216
428792	346287	0.2313354363827549947423764458	3520	15216
5652580	346287	0.0314800210304942166140904311	479	15216
5379705	346287	0.0393007360672975814931650894	598	15216
5267294	346287	0.0416666666666666666666666667	634	15216
3387890	346287	0.0305599369085173501577287066	465	15216
682842	346287	0.0179416403785488958990536278	273	15216
5397280	346287	0.0676919032597266035751840168	1030	15216
1248687	473727	0.9448167126527394560504532913	2397	2537
3871173	473727	0.0551832873472605439495467087	140	2537
3008638	1170780	0.2072459869070038561563985293	2311	11151
2119641	1170780	0.1550533584431889516635279347	1729	11151
5089585	1170780	0.158819836785938480853735091	1771	11151
1867349	1170780	0.3539592861626759931844677607	3947	11151
2167509	1170780	0.1249215317011927181418706842	1393	11151
5089585	1880412	0.6750503018108651911468812877	2684	3976
544335	1880412	0.1131790744466800804828973843	450	3976
5168401	1880412	0.211770623742454728370221328	842	3976
2119641	4538521	0.1282332310390179745725558965	585	4562
5336672	4538521	0.0291538798772468215694870671	133	4562
1867349	4538521	0.43906181499342393686979395	2003	4562
5168401	4538521	0.4035510740903112669881630864	1841	4562
1116319	4420868	0.0658504301786896095301125083	199	3022
3101646	4420868	0.0582395764394440767703507611	176	3022
5208447	4420868	0.4659166115155526141628060887	1408	3022
3475769	4420868	0.2379219060225016545334215751	719	3022
1019739	4420868	0.1720714758438120450033090668	520	3022
626648	515997	0.2182890855457227138643067847	370	1695
1169618	515997	0.1646017699115044247787610619	279	1695
3429382	515997	0.4625368731563421828908554572	784	1695
1220863	515997	0.0796460176991150442477876106	135	1695
5504912	515997	0.0749262536873156342182890855	127	1695
3840924	6699008	0.0774498229043683589138134593	328	4235
5336672	6699008	0.036127508854781582054309327	153	4235
2503578	6699008	0.3057851239669421487603305785	1295	4235
5725312	6699008	0.5806375442739079102715466352	2459	4235
5610982	916993	0.4484304932735426008968609865	200	446
2564201	916993	0.3923766816143497757847533632	175	446
2277140	916993	0.1591928251121076233183856502	71	446
2385262	1644363	0.0499600319744204636290967226	250	5004
2857056	1644363	0.0761390887290167865707434053	381	5004
5712893	1644363	0.2400079936051159072741806555	1201	5004
1169618	1644363	0.0485611510791366906474820144	243	5004
1019739	1644363	0.3818944844124700239808153477	1911	5004
2981314	1644363	0.0107913669064748201438848921	54	5004
3149842	1644363	0.0775379696243005595523581135	388	5004
2221206	1644363	0.1151079136690647482014388489	576	5004
1230359	1858623	0.1810699588477366255144032922	176	972
5652580	1858623	0.2355967078189300411522633745	229	972
3278570	1858623	0.5833333333333333333333333333	567	972
5140132	2957388	0.1827338129496402877697841727	254	1390
3278570	2957388	0.155395683453237410071942446	216	1390
2221206	2957388	0.6618705035971223021582733813	920	1390
5830267	59525897	0.5435276305828917486752460257	718	1321
2119641	59525897	0.1476154428463285389856169569	195	1321
2167509	59525897	0.3088569265707797123391370174	408	1321
3105709	11085863	0.3844282238442822384428223844	316	822
3429382	11085863	0.6155717761557177615571776156	506	822
5843916	910833	0.3148734177215189873417721519	398	1264
2167509	910833	0.6851265822784810126582278481	866	1264
3878074	119552	0.0123348017621145374449339207	42	3405
1982144	119552	0.0123348017621145374449339207	42	3405
530775	119552	0.1486049926578560939794419971	506	3405
5337091	119552	0.6531571218795888399412628488	2224	3405
1171412	119552	0.0208516886930983847283406755	71	3405
3837631	119552	0.1527165932452276064610866373	520	3405
3840924	212946	0.1204756980351602895553257497	233	1934
1982144	212946	0.2161323681489141675284384695	418	1934
530775	212946	0.3154084798345398138572905895	610	1934
675104	212946	0.240434332988624612202688728	465	1934
3818927	212946	0.1075491209927611168562564633	208	1934
2385262	21803931	0.3642384105960264900662251656	55	151
5672621	21803931	0.3576158940397350993377483444	54	151
3837631	21803931	0.2781456953642384105960264901	42	151
2564201	2957383	0.0760869565217391304347826087	42	552
2930388	2957383	0.2644927536231884057971014493	146	552
2221206	2957383	0.3514492753623188405797101449	194	552
5615642	2957383	0.3079710144927536231884057971	170	552
1116319	3321713	0.1352824578790882061446977205	273	2018
3475769	3321713	0.148166501486620416253716551	299	2018
2167509	3321713	0.2353815659068384539147670961	475	2018
5397280	3321713	0.4811694747274529236868186323	971	2018
3062647	10194409	0.0666329284750337381916329285	395	5928
5208447	10194409	0.4527665317139001349527665317	2684	5928
5507929	10194409	0.2567476383265856950067476383	1522	5928
957218	10194409	0.0386302294197031039136302294	229	5928
3818927	10194409	0.1852226720647773279352226721	1098	5928
1192952	10487621	0.1195870375681101233151706338	417	3487
530775	10487621	0.2451964439346142816174361916	855	3487
2411205	10487621	0.0149125322626899913966160023	52	3487
5397280	10487621	0.6203039862345856036707771724	2163	3487
5495195	10840086	0.1286490156143923964697895451	379	2946
2857056	10840086	0.3591310251188051595383570944	1058	2946
2890852	10840086	0.101154107264086897488119484	298	2946
3434543	10840086	0.0665308893414799728445349627	196	2946
2755719	10840086	0.0315682281059063136456211813	93	2946
530775	10840086	0.2427019687712152070604209097	715	2946
2845343	10840086	0.0702647657841140529531568228	207	2946
530775	114496731	0.777027027027027027027027027	1380	1776
494240	114496731	0.222972972972972972972972973	396	1776
5140132	12462003	0.18394648829431438127090301	55	299
3819059	12462003	0.81605351170568561872909699	244	299
5140132	133458	0.1849935316946959896507115136	286	1546
2857056	133458	0.3893919793014230271668822768	602	1546
2564201	133458	0.0769728331177231565329883571	119	1546
2615182	133458	0.1435963777490297542043984476	222	1546
424468	133458	0.1604139715394566623544631307	248	1546
530775	133458	0.0446313065976714100905562743	69	1546
5217798	1461017	0.2341920374707259953161592506	100	427
2845343	1461017	0.7658079625292740046838407494	327	427
5140132	1544217	0.1440291704649042844120328168	158	1097
3434543	1544217	0.3099361896080218778486782133	340	1097
957218	1544217	0.215132178669097538742023701	236	1097
5397280	1544217	0.0920692798541476754785779398	101	1097
2845343	1544217	0.2388331814038286235186873291	262	1097
3062647	1644564	0.4605451936872309899569583931	321	697
3434543	1644564	0.263988522238163558106169297	184	697
530775	1644564	0.2754662840746054519368723099	192	697
5140132	16451785	0.1219512195121951219512195122	150	1230
3434543	16451785	0.1024390243902439024390243902	126	1230
626648	16451785	0.1219512195121951219512195122	150	1230
5208447	16451785	0.3341463414634146341463414634	411	1230
2892665	16451785	0.319512195121951219512195122	393	1230
428792	1886299	0.5479192938209331651954602774	1738	3172
3801975	1886299	0.1484867591424968474148802018	471	3172
3278570	1886299	0.1655107187894073139974779319	525	3172
2845343	1886299	0.1380832282471626733921815889	438	3172
2857056	2597941	0.9837272375048430840759395583	2539	2581
2564201	2597941	0.0162727624951569159240604417	42	2581
3101646	2957390	0.1052631578947368421052631579	124	1178
5267294	2957390	0.3319185059422750424448217317	391	1178
2859476	2957390	0.5628183361629881154499151104	663	1178
5140132	353997	0.2443566591422121896162528217	433	1772
5343294	353997	0.0389390519187358916478555305	69	1772
530775	353997	0.7167042889390519187358916479	1270	1772
5140132	4347287	0.0518174787316318638824439288	134	2586
3840924	4347287	0.1542923433874709976798143852	399	2586
2890852	4347287	0.0645784996133023975251353442	167	2586
626648	4347287	0.1740139211136890951276102088	450	2586
3278570	4347287	0.0769528228924980665119876257	199	2586
5504912	4347287	0.2799690641918020108275328693	724	2586
3475769	4347287	0.0943542150038669760247486466	244	2586
530775	4347287	0.1040216550657385924207269915	269	2586
5313210	4549771	0.3789316025961058412381427858	759	2003
5552447	4549771	0.1612581128307538691962056915	323	2003
3434543	4549771	0.0379430853719420868696954568	76	2003
530775	4549771	0.0209685471792311532700948577	42	2003
494240	4549771	0.4008986520219670494258612082	803	2003
5667319	455045	0.5492957746478873239436619718	195	355
3801975	455045	0.1549295774647887323943661972	55	355
5233778	455045	0.295774647887323943661971831	105	355
3062647	6035413	0.6735395189003436426116838488	196	291
5140132	6035413	0.3264604810996563573883161512	95	291
5208447	6041195	0.7940074906367041198501872659	212	267
2221206	6041195	0.2059925093632958801498127341	55	267
3062647	6055268	0.7741935483870967741935483871	192	248
530775	6055268	0.2258064516129032258064516129	56	248
5379705	6402132	0.1859172328597899938233477455	301	1619
3801975	6402132	0.8140827671402100061766522545	1318	1619
5140132	119520	0.0461371270499901205295396167	467	10122
527187	119520	0.0291444378581308041888954752	295	10122
242230	119520	0.0276625172890733056708160443	280	10122
3434543	119520	0.0246986761509583086346571824	250	10122
2615182	119520	0.188105117565698478561549101	1904	10122
424468	119520	0.0439636435487057893696897846	445	10122
957218	119520	0.0485081999604821181584667062	491	10122
530775	119520	0.4293617862082592373048804584	4346	10122
2892665	119520	0.0512744516893894487255483106	519	10122
5206003	119520	0.0195613515115589804386484884	198	10122
494240	119520	0.0915826911677534084173088322	927	10122
5140132	133460	0.1891791736149712803409301464	3063	16191
5582180	133460	0.0533012167253412389599160027	863	16191
5343294	133460	0.0771416218887036007658575752	1249	16191
5552447	133460	0.0123525415354209128528194676	200	16191
242230	133460	0.0161818294114013958371935026	262	16191
2890852	133460	0.0050027793218454697053918844	81	16191
2615182	133460	0.1175344327095299857945772343	1903	16191
424468	133460	0.0400839972824408622073991724	649	16191
957218	133460	0.0077821011673151750972762646	126	16191
530775	133460	0.2220986968068680130936940275	3596	16191
2892665	133460	0.0228522018405286887777160151	370	16191
494240	133460	0.2364894076956333765672287073	3829	16191
5140132	1635130	0.3292929292929292929292929293	163	495
2890852	1635130	0.5858585858585858585858585859	290	495
1171412	1635130	0.0848484848484848484848484848	42	495
5140132	1644565	0.0453125	145	3200
5060568	1644565	0.14125	452	3200
3105709	1644565	0.141875	454	3200
3434543	1644565	0.0225	72	3200
5476794	1644565	0.11125	356	3200
3818927	1644565	0.5378125	1721	3200
5140132	196226	0.1924198250728862973760932945	528	2744
527187	196226	0.0470116618075801749271137026	129	2744
887706	196226	0.0218658892128279883381924198	60	2744
2293855	196226	0.6107871720116618075801749271	1676	2744
530775	196226	0.127915451895043731778425656	351	2744
5140132	222283	0.1050597329585382993675333802	897	8538
5343294	222283	0.0137034434293745607870695713	117	8538
5552447	222283	0.0351370344342937456078706957	300	8538
2890852	222283	0.1465214335910049191848208011	1251	8538
424468	222283	0.1533145935816350433356758023	1309	8538
957218	222283	0.1168892012180838603888498477	998	8538
530775	222283	0.2208948231435933473881471071	1886	8538
1171412	222283	0.0514171937221831810728507847	439	8538
494240	222283	0.1570625439212930428671820098	1341	8538
5140132	266020	0.095868523168226432321387811	420	4381
5552447	266020	0.0684775165487331659438484364	300	4381
3434543	266020	0.0255649395115270486190367496	112	4381
424468	266020	0.1595526135585482766491668569	699	4381
957218	266020	0.0461081944761469984021912805	202	4381
530775	266020	0.466103629308377082857795024	2042	4381
5206003	266020	0.0785208856425473636156128738	344	4381
494240	266020	0.0598036977858936315909609678	262	4381
3823225	3133294	0.3791064388961892247043363995	577	1522
5103720	3133294	0.046649145860709592641261498	71	1522
2857056	3133294	0.2161629434954007884362680683	329	1522
3434543	3133294	0.0992115637319316688567674113	151	1522
5787523	3133294	0.0959264126149802890932982917	146	1522
2411205	3133294	0.0335085413929040735873850197	51	1522
2221206	3133294	0.1294349540078843626806833114	197	1522
5140132	353995	0.3232353529294141171765646871	3233	10002
5582180	353995	0.0343931213757248550289942012	344	10002
5343294	353995	0.0105978804239152169566086783	106	10002
3434543	353995	0.0204959008198360327934413117	205	10002
424468	353995	0.1254749050189962007598480304	1255	10002
957218	353995	0.0266946610677864427114577085	267	10002
530775	353995	0.2195560887822435512897420516	2196	10002
1171412	353995	0.0273945210957808438312337532	274	10002
2892665	353995	0.1378724255148970205958808238	1379	10002
5206003	353995	0.0357928414317136572685462907	358	10002
494240	353995	0.0384923015396920615876824635	385	10002
5140132	36487718	0.5139442231075697211155378486	129	251
2890852	36487718	0.4860557768924302788844621514	122	251
5140132	43076	0.134980988593155893536121673	284	2104
242230	43076	0.1387832699619771863117870722	292	2104
424468	43076	0.1126425855513307984790874525	237	2104
530775	43076	0.2414448669201520912547528517	508	2104
5206003	43076	0.1706273764258555133079847909	359	2104
494240	43076	0.2015209125475285171102661597	424	2104
5140132	43095	0.0311209907907272149888853604	98	3149
5343294	43095	0.092727850111146395681168625	292	3149
5552447	43095	0.0469990473166084471260717688	148	3149
2908852	43095	0.0165131787869164814226738647	52	3149
242230	43095	0.0879644331533820260400127024	277	3149
2615182	43095	0.1575103207367418228008891712	496	3149
424468	43095	0.1302000635122261035249285487	410	3149
530775	43095	0.4369641155922515084153699587	1376	3149
5140132	49422779	0.2386206896551724137931034483	173	725
5582180	49422779	0.2744827586206896551724137931	199	725
5552447	49422779	0.1365517241379310344827586207	99	725
5206003	49422779	0.1682758620689655172413793103	122	725
494240	49422779	0.1820689655172413793103448276	132	725
3434543	5038863	0.1833333333333333333333333333	88	480
494240	5038863	0.8166666666666666666666666667	392	480
5140132	5064931	0.4361370716510903426791277259	280	642
5582180	5064931	0.2819314641744548286604361371	181	642
3434543	5064931	0.1495327102803738317757009346	96	642
5206003	5064931	0.1323987538940809968847352025	85	642
5140132	5448344	0.209205020920502092050209205	150	717
5192876	5448344	0.790794979079497907949790795	567	717
5829115	56984502	0.5503472222222222222222222222	317	576
5583314	56984502	0.2916666666666666666666666667	168	576
530775	56984502	0.1579861111111111111111111111	91	576
5140132	57185	0.0634941501248849743657157881	483	7607
2890852	57185	0.0542920993821480215590903116	413	7607
3434543	57185	0.0297094781122650190613908242	226	7607
2615182	57185	0.0394373603260155120283948994	300	7607
530775	57185	0.6465097936111476271854870514	4918	7607
2892665	57185	0.0172209806756934402523991061	131	7607
494240	57185	0.1493361377678454055475220192	1136	7607
5140132	57198	0.017733116595241613713610167	240	13534
5582180	57198	0.0175853406236146002659967489	238	13534
5343294	57198	0.0310329540416728239988177922	420	13534
242230	57198	0.0464016550908822225506132703	628	13534
2890852	57198	0.0646519875868183833308704005	875	13534
3434543	57198	0.0509827102113196394266292301	690	13534
477733	57198	0.0221663957440520171420127087	300	13534
2615182	57198	0.0438155755874094872173784543	593	13534
424468	57198	0.1771833899807891236884882518	2398	13534
957218	57198	0.0118220777301610758090734447	160	13534
530775	57198	0.3394414068272498891680212797	4594	13534
1171412	57198	0.0221663957440520171420127087	300	13534
2892665	57198	0.0292596423821486626274567755	396	13534
5206003	57198	0.0662775232747155312546179991	897	13534
494240	57198	0.0594798285798729126644007684	805	13534
5343294	57245	0.1701119157340355497037524687	1292	7595
242230	57245	0.0179065174456879526003949967	136	7595
3434543	57245	0.0379196840026333113890717577	288	7595
2615182	57245	0.134167215273206056616194865	1019	7595
424468	57245	0.0551678736010533245556287031	419	7595
530775	57245	0.3518104015799868334430546412	2672	7595
1171412	57245	0.1169190256747860434496379197	888	7595
494240	57245	0.1159973666886109282422646478	881	7595
494240	6034557	0.3288135593220338983050847458	97	295
2221206	6034557	0.6711864406779661016949152542	198	295
5140132	623381	0.1943620178041543026706231454	262	1348
2890852	623381	0.2270029673590504451038575668	306	1348
957218	623381	0.116468842729970326409495549	157	1348
530775	623381	0.0675074183976261127596439169	91	1348
2845343	623381	0.394658753709198813056379822	532	1348
3101646	6411694	0.3624772313296903460837887067	199	549
5852402	6411694	0.1602914389799635701275045537	88	549
5397280	6411694	0.4772313296903460837887067395	262	549
5140132	67756026	0.1603960396039603960396039604	81	505
3101646	67756026	0.3623762376237623762376237624	183	505
957218	67756026	0.4772277227722772277227722772	241	505
5140132	99489633	0.5652173913043478260869565217	195	345
2941342	99489633	0.4347826086956521739130434783	150	345
3840924	10839883	0.0737642585551330798479087452	291	3945
3516120	10839883	0.0917617237008871989860583016	362	3945
5336672	10839883	0.0897338403041825095057034221	354	3945
2503578	10839883	0.7019011406844106463878326996	2769	3945
2277140	10839883	0.0321926489226869455006337136	127	3945
2755719	10839883	0.0106463878326996197718631179	42	3945
1982144	623330	0.048666790975200447510721611	261	5363
3105709	623330	0.1528994965504381875815774753	820	5363
3516120	623330	0.6319224314749207533097147119	3389	5363
2503578	623330	0.0986388215550997575983591274	529	5363
5268503	623330	0.0136117844490024240164087265	73	5363
5103701	623330	0.0464292373671452545217229163	249	5363
3837631	623330	0.0078314376281931754614954317	42	5363
763616	2130201	0.1923947487550928021729289271	425	2209
5514436	2130201	0.0190131281122679945676776822	42	2209
3475769	2130201	0.3553644182888184698958804889	785	2209
2167509	2130201	0.4332277048438207333635129018	957	2209
1982144	46336	0.0078796561604584527220630372	55	6980
3516120	46336	0.1683381088825214899713467049	1175	6980
3434311	46336	0.0459885386819484240687679083	321	6980
5336672	46336	0.0944126074498567335243553009	659	6980
5843916	46336	0.1017191977077363896848137536	710	6980
2503578	46336	0.086962750716332378223495702	607	6980
1192952	46336	0.095702005730659025787965616	668	6980
675104	46336	0.3989971346704871060171919771	2785	6980
3871173	717245	0.5761904761904761904761904762	121	210
582175	717245	0.4238095238095238095238095238	89	210
2984119	5017179	0.6319796954314720812182741117	249	394
3393897	5017179	0.3680203045685279187817258883	145	394
1169618	6321962	0.8194444444444444444444444444	649	792
2386861	6321962	0.1805555555555555555555555556	143	792
5712893	9924223	0.61	305	500
5217798	9924223	0.39	195	500
3058369	29267808	0.8205128205128205128205128205	192	234
1982144	29267808	0.1794871794871794871794871795	42	234
3058369	29267812	0.4849246231155778894472361809	193	398
1982144	29267812	0.1055276381909547738693467337	42	398
3832738	29267812	0.4095477386934673366834170854	163	398
3058369	7110162	0.6583629893238434163701067616	185	281
2386861	7110162	0.3416370106761565836298932384	96	281
1276623	42491534	0.5204386839481555333998005982	522	1003
5070036	42491534	0.4795613160518444666001994018	481	1003
5070036	51176975	0.8815931108719052744886975242	819	929
5852402	51176975	0.1184068891280947255113024758	110	929
3819059	1173583	0.2384823848238482384823848238	88	369
2676437	1173583	0.7615176151761517615176151762	281	369
3819059	1809739	0.0181126607498641550443760188	100	5521
5652580	1809739	0.0076073175149429451186379279	42	5521
477733	1809739	0.0938235826842963231298677776	518	5521
526657	1809739	0.8804564390508965767071182757	4861	5521
3819059	4169508	0.0853242320819112627986348123	100	1172
5712893	4169508	0.7406143344709897610921501706	868	1172
5070036	4169508	0.1740614334470989761092150171	204	1172
1116319	12409193	0.8117647058823529411764705882	276	340
5217798	12409193	0.1882352941176470588235294118	64	340
5208447	3265609	0.2535211267605633802816901408	54	213
5583314	3265609	0.7464788732394366197183098592	159	213
5573217	3276928	0.2512	157	625
1169618	3276928	0.344	215	625
675104	3276928	0.4048	253	625
3823225	916992	0.1955034213098729227761485826	200	1023
544335	916992	0.2121212121212121212121212121	217	1023
626648	916992	0.0410557184750733137829912023	42	1023
1169618	916992	0.2443792766373411534701857283	250	1023
957218	916992	0.2277614858260019550342130987	233	1023
2941342	916992	0.079178885630498533724340176	81	1023
763616	1605887	0.5683040516314091072068841879	1585	2789
777278	1605887	0.2240946575833632126210111151	625	2789
5305124	1605887	0.207601290785227680172104697	579	2789
763616	1605888	0.4129374337221633085896076352	1947	4715
777278	1605888	0.1764581124072110286320254507	832	4715
5267294	1605888	0.1325556733828207847295864263	625	4715
5305124	1605888	0.2780487804878048780487804878	1311	4715
820814	3066573	0.5815691158156911581569115816	934	1606
5191891	3066573	0.1214196762141967621419676214	195	1606
5805092	3066573	0.297011207970112079701120797	477	1606
763616	4169507	0.3041666666666666666666666667	730	2400
820814	4169507	0.2708333333333333333333333333	650	2400
777278	4169507	0.2166666666666666666666666667	520	2400
5678222	4169507	0.2083333333333333333333333333	500	2400
5267294	4169517	0.6128654970760233918128654971	524	855
3785281	4169517	0.3871345029239766081871345029	331	855
777278	473725	0.2077407321053858708323618559	1782	8578
753574	473725	0.2639309862438796922359524365	2264	8578
5305124	473725	0.0987409652599673583585917463	847	8578
3785281	473725	0.307997202145022149685241315	2642	8578
5805092	473725	0.029260899976684541851247377	251	8578
3374429	473725	0.0923292142690603870366052693	792	8578
5313210	6246725	0.4074573225516621743036837376	907	2226
777278	6246725	0.4007187780772686433063791554	892	2226
5678222	6246725	0.1918238993710691823899371069	427	2226
5313210	9081733	0.4166666666666666666666666667	445	1068
5267294	9081733	0.5833333333333333333333333333	623	1068
5470744	11174481	0.4728546409807355516637478109	270	571
5379705	11174481	0.5271453590192644483362521891	301	571
5470744	4682633	0.177695666778636210950621431	529	2977
2373518	4682633	0.4477662075915351024521330198	1333	2977
654925	4682633	0.1142089351696338595901914679	340	2977
5590769	4682633	0.2603291904601948270070540813	775	2977
5590769	7049386	0.8765432098765432098765432099	710	810
5255205	7049386	0.1234567901234567901234567901	100	810
1248687	3108078	0.0665664297430289775833788956	487	7316
5829115	3108078	0.1642974302897758337889557135	1202	7316
477733	3108078	0.4162110442864953526517222526	3045	7316
1019739	3108078	0.2132312739201749589939857846	1560	7316
2892665	3108078	0.0913067249863313285948605796	668	7316
3660547	3108078	0.0483870967741935483870967742	354	7316
1248687	3134985	0.4082145850796311818943839061	487	1193
5583314	3134985	0.5917854149203688181056160939	706	1193
5192876	916902	0.4141414141414141414141414141	328	792
2221206	916902	0.5858585858585858585858585859	464	792
5343294	133459	0.0161037480404731366680917771	113	7017
530775	133459	0.6645290009975773122416987317	4663	7017
494240	133459	0.3193672509619495510902094912	2241	7017
1192952	119531	0.5018181818181818181818181818	414	825
3660547	119531	0.4981818181818181818181818182	411	825
5528066	177078	0.1965317919075144508670520231	136	692
5336672	177078	0.8034682080924855491329479769	556	692
3871173	62130980	0.4370078740157480314960629921	111	254
3203078	62130980	0.5629921259842519685039370079	143	254
527187	5369564	0.3718812817784084190611327894	3145	8457
5712893	5369564	0.117772259666548421426037602	996	8457
3719608	5369564	0.0760316897244885893342792953	643	8457
5106763	5369564	0.4227267352489062315241811517	3575	8457
2930388	5369564	0.0115880335816483386543691616	98	8457
5582180	11621625	0.3214953271028037383177570093	172	535
5206003	11621625	0.6785046728971962616822429907	363	535
5528066	1858632	0.4562962962962962962962962963	308	675
2373518	1858632	0.5437037037037037037037037037	367	675
5371630	382424359	0.603236880823933300637567435	1230	2039
5208447	382424359	0.0779794016674840608141245709	159	2039
5852402	382424359	0.0868072584600294261893084846	177	2039
5397280	382424359	0.2319764590485532123589995096	473	2039
2857056	6236377	0.2688342585249801744647105472	339	1261
5583314	6236377	0.7311657414750198255352894528	922	1261
2857056	8608141	0.1914548404542996214169821525	354	1849
5829115	8608141	0.4061654948620876149269875608	751	1849
5583314	8608141	0.4023796646836127636560302866	744	1849
5528066	3321717	0.893238434163701067615658363	502	562
5162373	3321717	0.106761565836298932384341637	60	562
5610982	13831097	0.3941068139963167587476979742	214	543
3837681	13831097	0.6058931860036832412523020258	329	543
5610982	3088356	0.3351424694708276797829036635	247	737
3837681	3088356	0.6648575305291723202170963365	490	737
3837681	5953692	0.565725413826679649464459591	581	1027
5670145	5953692	0.434274586173320350535540409	446	1027
1982144	1061326	0.1581027667984189723320158103	160	1012
530775	1061326	0.7351778656126482213438735178	744	1012
3837631	1061326	0.1067193675889328063241106719	108	1012
1982144	65686454	0.5675675675675675675675675676	84	148
3837631	65686454	0.4324324324324324324324324324	64	148
428792	3054746	0.851894595114445085593383343	4429	5199
5590769	3054746	0.148105404885554914406616657	770	5199
2373518	668030	0.3499480789200415368639667705	1348	3852
428792	668030	0.5046728971962616822429906542	1944	3852
3801975	668030	0.1453790238836967808930425753	560	3852
3105709	1060532	0.7297297297297297297297297297	81	111
2277140	1060532	0.2702702702702702702702702703	30	111
3105709	2971724	0.0831970086468801121757419958	356	4279
5336672	2971724	0.6999298901612526291189530264	2995	4279
5168401	2971724	0.2168731011918672587053049778	928	4279
3105709	6699292	0.128279883381924198250728863	88	686
2818565	6699292	0.871720116618075801749271137	598	686
5712893	7536737	0.5878467635402906208718626156	445	757
5473501	7536737	0.3302509907529722589167767503	250	757
2411205	7536737	0.0819022457067371202113606341	62	757
3516120	106003675	0.612359550561797752808988764	218	356
3837631	106003675	0.387640449438202247191011236	138	356
428792	820547	0.6561085972850678733031674208	1595	2431
5805092	820547	0.3438914027149321266968325792	836	2431
428792	513426146	0.2140047206923682140047206924	272	1271
3801975	513426146	0.7859952793076317859952793076	999	1271
5070036	15735648	0.65	299	460
5633949	15735648	0.35	161	460
5070036	42383688	0.210752688172043010752688172	98	465
1192952	42383688	0.789247311827956989247311828	367	465
963817	1059526	0.5740011254924029262802476083	1020	1777
3785281	1059526	0.4259988745075970737197523917	757	1777
5514436	6321963	0.4297520661157024793388429752	104	242
3837631	6321963	0.5702479338842975206611570248	138	242
2755719	10840087	0.0823529411764705882352941176	42	510
3475769	10840087	0.9176470588235294117647058824	468	510
777278	2728404	0.6557705136757838559039359573	983	1499
753574	2728404	0.2308205470313542361574382922	346	1499
890006	2728404	0.1134089392928619079386257505	170	1499
5371630	107480127	0.0329341317365269461077844311	55	1670
5233778	107480127	0.2251497005988023952095808383	376	1670
2913221	107480127	0.7419161676646706586826347305	1239	1670
5371630	134648726	0.2314335060449050086355785838	134	579
5233778	134648726	0.253886010362694300518134715	147	579
2913221	134648726	0.5146804835924006908462867012	298	579
5371630	96560924	0.2930107526881720430107526882	109	372
5233778	96560924	0.7069892473118279569892473118	263	372
2503578	10026019	0.7384747953468332615252046532	1714	2321
3203078	10026019	0.2615252046531667384747953468	607	2321
2503578	3240747	0.592797783933518005540166205	214	361
2907665	3240747	0.407202216066481994459833795	147	361
5829115	18535346	0.5731895223420647149460708783	744	1298
1019739	18535346	0.4268104776579352850539291217	554	1298
5829115	5450992	0.0909090909090909090909090909	419	4609
5583314	5450992	0.9090909090909090909090909091	4190	4609
2564201	4219974	0.5787234042553191489361702128	408	705
2615182	4219974	0.4212765957446808510638297872	297	705
5276867	86791416	0.8761101243339253996447602131	1973	2252
3203078	86791416	0.0843694493783303730017761989	190	2252
2941342	86791416	0.0395204262877442273534635879	89	2252
682842	3275577	0.25	143	572
2676437	3275577	0.4213286713286713286713286713	241	572
5103701	3275577	0.3286713286713286713286713287	188	572
682842	5472748	0.4906621392190152801358234295	289	589
2676437	5472748	0.5093378607809847198641765705	300	589
675104	7275167	0.5192660550458715596330275229	283	545
5615642	7275167	0.4807339449541284403669724771	262	545
