471806	118681	0.4751910450974060919169088365	4415	9291
3712152	118681	0.1655365407383489398342481972	1538	9291
864111	118681	0.3592724141642449682488429663	3338	9291
5080377	150875	0.3656050955414012738853503185	287	785
5804539	150875	0.2267515923566878980891719745	178	785
5796363	150875	0.407643312101910828025477707	320	785
5650187	200499	0.3596681096681096681096681097	997	2772
5674772	200499	0.6403318903318903318903318903	1775	2772
5758217	223731	0.2123109024517475221700573813	407	1917
2053521	223731	0.7876890975482524778299426187	1510	1917
5709982	32784	0.1438995913601868067717454758	1479	10278
2906288	32784	0.0486475968087176493481222028	500	10278
5827210	32784	0.0051566452617240708309009535	53	10278
5758217	32784	0.0690795874683790620743335279	710	10278
2859570	32784	0.0340533177661023545436855419	350	10278
3146489	32784	0.0244210935979762599727573458	251	10278
5674772	32784	0.6747421677369137964584549523	6935	10278
5709982	32785	0.1746394653534998241294407316	993	5686
2906288	32785	0.7813928948294055575096728808	4443	5686
5758217	32785	0.0439676398170946183608863876	250	5686
5293701	3295794	0.1137957911145752143413873733	146	1283
3437200	3295794	0.3873733437256430241621200312	497	1283
3049251	3295794	0.4988308651597817614964925955	640	1283
5758217	90227	0.0583638583638583638583638584	239	4095
2474579	90227	0.9272283272283272283272283272	3797	4095
439070	90227	0.0144078144078144078144078144	59	4095
5615196	147724	0.5920792079207920792079207921	897	1515
5525031	147724	0.4079207920792079207920792079	618	1515
5720944	1789334	0.484936575052854122621564482	1835	3784
1989229	1789334	0.4373678646934460887949260042	1655	3784
1165836	1789334	0.0776955602536997885835095137	294	3784
5720944	2263233	0.2571428571428571428571428571	513	1995
2720295	2263233	0.2952380952380952380952380952	589	1995
5741114	2263233	0.1934837092731829573934837093	386	1995
5182767	2263233	0.2541353383458646616541353383	507	1995
1916818	102798	0.0031957741828986464179597227	242	75725
3858908	102798	0.026807527236711786068009244	2030	75725
5810398	102798	0.0182766589633542423241994057	1384	75725
3513600	102798	0.0151337074942225156817431496	1146	75725
3819280	102798	0.0012281280950808847804555959	93	75725
5572203	102798	0.0393925387916804225817101354	2983	75725
2720295	102798	0.0699504787058435127104655002	5297	75725
3869607	102798	0.0043446682073291515351601189	329	75725
5226120	102798	0.0237702211951138989765599208	1800	75725
5650187	102798	0.0196104324859689666556619346	1485	75725
2928112	102798	0.0437504126774513040607461208	3313	75725
5741114	102798	0.1356751403103334433806536811	10274	75725
5491366	102798	0.0078441729943875866622647739	594	75725
1989229	102798	0.066913172664245625619016177	5067	75725
5636821	102798	0.0505777484318256850445691647	3830	75725
5097275	102798	0.0131264443710795642126114229	994	75725
3008553	102798	0.0055463849455265764278639815	420	75725
2787799	102798	0.1038890723010894684714427204	7867	75725
1165836	102798	0.0126642456256190161769560911	959	75725
486761	102798	0.125810498514361175305381314	9527	75725
966958	102798	0.0071838890723010894684714427	544	75725
5092770	102798	0.0145262462859029382634532849	1100	75725
5182767	102798	0.0605216242984483327830967316	4583	75725
5506490	102798	0.0071706833938593595245955761	543	75725
5582203	102798	0.0236249587322548695939253879	1789	75725
1086934	102798	0.0007791350280620666886761307	59	75725
3860345	102798	0.0157675800594255529877847474	1194	75725
1145976	102798	0.0332386926378342687355562892	2517	75725
5765424	102798	0.0192538791680422581710135358	1458	75725
3191270	102798	0.0065632221855397821063057115	497	75725
5749002	102798	0.009798613403763618355893034	742	75725
2584447	102798	0.0140640475404423902277979531	1065	75725
1916818	158847	0.609375	780	1280
3858908	158847	0.390625	500	1280
1916818	4627633	0.1786941580756013745704467354	260	1455
2720295	4627633	0.8213058419243986254295532646	1195	1455
2108724	240943	0.0312560293266448003087015242	648	20732
3579480	240943	0.2277156087208180590391665059	4721	20732
5425538	240943	0.0240208373528844298668724677	498	20732
2307383	240943	0.1370827705961798186378545244	2842	20732
2129356	240943	0.047607563187343237507235192	987	20732
5659388	240943	0.0142774454948871310052093382	296	20732
5444769	240943	0.1363592513988037815936716188	2827	20732
3596373	240943	0.0649720239243681265676249276	1347	20732
5285717	240943	0.2721879220528651360216091067	5643	20732
1138619	240943	0.0397453212425236349604476172	824	20732
3738574	240943	0.0025564344973953308894462666	53	20732
439070	240943	0.0022187922052865136021609107	46	20732
3579480	385336	0.4659464537341474870831376233	992	2129
2307383	385336	0.1827148896195396899953029591	389	2129
793581	385336	0.1672146547674964772193518084	356	2129
5583369	385336	0.1841240018788163457022076092	392	2129
2108724	385337	0.177077675176534492123845736	1304	7364
3579480	385337	0.267381857686040195545898968	1969	7364
3202703	385337	0.0655893536121673003802281369	483	7364
2208144	385337	0.0107278652906029331884845193	79	7364
2129356	385337	0.0080119500271591526344378055	59	7364
5590766	385337	0.0753666485605649103747963064	555	7364
5444769	385337	0.1789788158609451385116784356	1318	7364
5583369	385337	0.1269690385659967409016838675	935	7364
5251596	385337	0.0898967952199891363389462249	662	7364
5659388	387366	0.1552264808362369337979094077	891	5740
5444769	387366	0.262717770034843205574912892	1508	5740
1138619	387366	0.5820557491289198606271777003	3341	5740
2108724	40773	0.4823321554770318021201413428	1092	2264
5239292	40773	0.5176678445229681978798586572	1172	2264
2108724	40850	0.2391934815633199834277033559	3464	14482
3579480	40850	0.0897666068222621184919210054	1300	14482
5425538	40850	0.0081480458500207153708051374	118	14482
2307383	40850	0.0234774202458224002209639553	340	14482
793581	40850	0.0799613313078304101643419417	1158	14482
5314573	40850	0.4018781936196657920176771164	5820	14482
2101620	40850	0.1211158679740367352575611103	1754	14482
5149122	40850	0.0041430741610274823919348156	60	14482
3645237	40850	0.0200248584449661648943516089	290	14482
439070	40850	0.012291120011048197762739953	178	14482
3795307	1001960	0.0556264102815657804375551849	567	10193
3165605	1001960	0.0361032080839792014127342294	368	10193
3583261	1001960	0.2640047091140979103306190523	2691	10193
5546999	1001960	0.0832924556067889728244873933	849	10193
2802321	1001960	0.0950652408515647993721181203	969	10193
2101620	1001960	0.0281565780437555184930834887	287	10193
677993	1001960	0.2014127342293730991857156872	2053	10193
5254277	1001960	0.0284508976748749141567742568	290	10193
3871640	1001960	0.082703816344550181497105857	843	10193
3842918	1001960	0.0714215638183066810556264103	728	10193
3081459	1001960	0.0537623859511429412341803198	548	10193
2488837	1008586	0.1331521739130434782608695652	392	2944
1323327	1008586	0.2201086956521739130434782609	648	2944
3842918	1008586	0.1824048913043478260869565217	537	2944
3081459	1008586	0.4643342391304347826086956522	1367	2944
2270701	1056280	0.0514724806059046288466487739	1400	27199
2488837	1056280	0.045222250818044781058127137	1230	27199
5546999	1056280	0.1039376447663517041067686312	2827	27199
2802321	1056280	0.0538622743483216294716717526	1465	27199
3824699	1056280	0.0524651641604470752601198573	1427	27199
5539437	1056280	0.0160300011029817272693849039	436	27199
677993	1056280	0.1033861539027170116548402515	2812	27199
855086	1056280	0.1340490459208059119820581639	3646	27199
5254277	1056280	0.0475385124453104893562263319	1293	27199
3871640	1056280	0.157395492481341225780359572	4281	27199
3081459	1056280	0.2346409794477738152137946248	6382	27199
3566396	1306375	0.1571197411003236245954692557	971	6180
3165605	1306375	0.0597087378640776699029126214	369	6180
5546999	1306375	0.1040453074433656957928802589	643	6180
3244981	1306375	0.2435275080906148867313915858	1505	6180
3824699	1306375	0.0800970873786407766990291262	495	6180
2101620	1306375	0.0516181229773462783171521036	319	6180
2228371	1306375	0.0656957928802588996763754045	406	6180
5089150	1306375	0.1273462783171521035598705502	787	6180
3829899	1306375	0.1108414239482200647249190939	685	6180
3795307	30908	0.1372832369942196531791907514	1045	7612
3583261	30908	0.1540987913820283762480294272	1173	7612
2488837	30908	0.240672622175512348922753547	1832	7612
1097656	30908	0.0642406726221755123489227535	489	7612
2802321	30908	0.2666841828691539674198633736	2030	7612
835366	30908	0.009327377824487651077246453	71	7612
3871640	30908	0.1276931161324224908039936942	972	7612
3795307	327073	0.2613849033063006862133499688	838	3206
5630406	327073	0.2776044915782907049282595134	890	3206
2802321	327073	0.4610106051154086088583905178	1478	3206
3795307	365346	0.8823529411764705882352941176	495	561
5504006	365346	0.1176470588235294117647058824	66	561
677993	488221	0.8776160776160776160776160776	6332	7215
3081459	488221	0.1223839223839223839223839224	883	7215
3795307	4891205	0.2746077032810271041369472183	770	2804
5257240	4891205	0.2778174037089871611982881598	779	2804
3583210	4891205	0.2360912981455064194008559201	662	2804
2674536	4891205	0.2114835948644793152639087019	593	2804
3795307	4931966	0.0303477538972419518494603819	329	10841
5257240	4931966	0.0737939304492205516096301079	800	10841
2228371	4931966	0.0202933308735356516926482797	220	10841
5285717	4931966	0.8487224425790978692002582788	9201	10841
1323327	4931966	0.0166036343510746241121667743	180	10841
2674536	4931966	0.0102389078498293515358361775	111	10841
3165605	6477826	0.1113179944141508179279159463	837	7519
3829899	6477826	0.0615773374118898789732677218	463	7519
5666025	6477826	0.0653012368666046016757547546	491	7519
5147141	6477826	0.7618034313073547014230615773	5728	7519
2210407	1146471	0.3947700981821716729853212793	4061	10287
3437200	1146471	0.403616214639836687080781569	4152	10287
3708101	1146471	0.2016136871779916399338971517	2074	10287
2906288	127599	0.4335625859697386519944979367	1576	3635
697413	127599	0.1628610729023383768913342503	592	3635
5615196	127599	0.4035763411279229711141678129	1467	3635
5804539	32670	0.0216304807874143380730681603	4804	222094
2135343	32670	0.0659135321080263311930984178	14639	222094
2906288	32670	0.0107477014237214872981710447	2387	222094
5089001	32670	0.00449359280304735832575396	998	222094
5293701	32670	0.0013372716057164984195881023	297	222094
3441705	32670	0.0098426792259133520041063694	2186	222094
3819280	32670	0.0051689825029041757093843147	1148	222094
2095583	32670	0.0154033877547344817959962899	3421	222094
3027517	32670	0.0048718110349671760605869587	1082	222094
3437200	32670	0.004961862994948085045071006	1102	222094
5264811	32670	0.0013372716057164984195881023	297	222094
5203353	32670	0.0017830288076219978927841364	396	222094
2679352	32670	0.0755716048159788197790124902	16784	222094
5302417	32670	0.0020216665015714067016668618	449	222094
5136633	32670	0.011886858717479985951894243	2640	222094
5504006	32670	0.0013507793997136347672607094	300	222094
3516121	32670	0.0440173980386683116158023179	9776	222094
332897	32670	0.0635991967365169702918584023	14125	222094
5659537	32670	0.0238547641989427899898241285	5298	222094
3617098	32670	0.0015759092996659072284708277	350	222094
5514037	32670	0.0108152403937071690365340802	2402	222094
1043761	32670	0.0843561735121164912154313039	18735	222094
5204911	32670	0.0170288256323898889659333435	3782	222094
2643334	32670	0.0292218610138049654650733473	6490	222094
5473492	32670	0.0501184183273748953145965222	11131	222094
5415526	32670	0.000900519599809089844840473	200	222094
825177	32670	0.0239628265509198807712049853	5322	222094
5708609	32670	0.0064972489126225832305240124	1443	222094
5352203	32670	0.0017515106216286797482147199	389	222094
3597649	32670	0.0093518960440173980386683116	2077	222094
3049251	32670	0.0011751780777508622475168172	261	222094
5359227	32670	0.01365187713310580204778157	3032	222094
1206937	32670	0.0046106603510225400055832215	1024	222094
5171334	32670	0.0402307131214710888182481292	8935	222094
5060519	32670	0.0098516844219114429025547741	2188	222094
3539081	32670	0.0198564571757904310787324286	4410	222094
3613304	32670	0.0035075238412564049456536422	779	222094
697413	32670	0.0372589984421010923302745684	8275	222094
5667341	32670	0.0448638864624888560699523625	9964	222094
3663640	32670	0.0201356182517312489306329752	4472	222094
2498710	32670	0.0002656532819436815042279395	59	222094
2402068	32670	0.0086765063441605806550379569	1927	222094
5403342	32670	0.0044800850090502219780813529	995	222094
3837727	32670	0.0036921303592172683638459391	820	222094
2247521	32670	0.0040658459931380406494547354	903	222094
5401458	32670	0.0382630777958882275072716958	8498	222094
5710578	32670	0.010171368879843669797473142	2259	222094
3501834	32670	0.0008104676398281808603564257	180	222094
2221304	32670	0.0017965366016191342404567435	399	222094
5407259	32670	0.0038362134951867227390204148	852	222094
5615196	32670	0.002679045809432042288400407	595	222094
5582203	32670	0.0067043684205786738948373211	1489	222094
3641103	32670	0.0032013471773213143984078813	711	222094
3708101	32670	0.0231973848910821544030905833	5152	222094
5823508	32670	0.0277134906841247399749655551	6155	222094
1215598	32670	0.0107927274037119417904130683	2397	222094
5656720	32670	0.0050519149549289940295550533	1122	222094
2053521	32670	0.0030257458553585418786639891	672	222094
3010519	32670	0.00224679640152367916287698	499	222094
3788346	32670	0.0035210316352535412933262492	782	222094
1851818	32670	0.0080866660062856268066674471	1796	222094
5768437	32670	0.0159617099066161174997973831	3545	222094
1275831	32670	0.0112429872036164867128333048	2497	222094
5804539	369328	0.0397344228804902962206332993	389	9790
3204059	369328	0.037589376915219611848825332	368	9790
5622454	369328	0.0408580183861082737487231869	400	9790
793581	369328	0.1193054136874361593462717058	1168	9790
3640481	369328	0.0128702757916241062308478039	126	9790
5659388	369328	0.0290091930541368743615934627	284	9790
5068388	369328	0.1483146067415730337078651685	1452	9790
3445360	369328	0.0137895812053115423901940756	135	9790
5582645	369328	0.0247191011235955056179775281	242	9790
3095141	369328	0.2699693564862104187946884576	2643	9790
320228	369328	0.0705822267620020429009193054	691	9790
3645237	369328	0.1546475995914198161389172625	1514	9790
5291256	369328	0.0386108273748723186925434116	378	9790
5348759	76117	0.0681431005110732538330494037	400	5870
5659388	76117	0.0339011925042589437819420784	199	5870
3753587	76117	0.1553662691652470187393526405	912	5870
5068388	76117	0.0340715502555366269165247019	200	5870
2268018	76117	0.1485519591141396933560477002	872	5870
3095141	76117	0.2103918228279386712095400341	1235	5870
3645237	76117	0.0492333901192504258943781942	289	5870
5674772	76117	0.144804088586030664395229983	850	5870
2096577	76117	0.1555366269165247018739352641	913	5870
3202703	106358	0.3024167210973220117570215545	463	1531
2242045	106358	0.225342913128674069235793599	345	1531
3510844	106358	0.2795558458523840627041149575	428	1531
5615196	106358	0.192684519921619856303069889	295	1531
2607624	106359	0.132431265294371671224989204	2760	20841
970042	106359	0.0128592677894534811189482271	268	20841
2242045	106359	0.045247348975576987668537978	943	20841
723374	106359	0.0189050429441965356748716472	394	20841
3786481	106359	0.0859843577563456647953553092	1792	20841
5348759	106359	0.0116597092270044623578523103	243	20841
2278979	106359	0.0362746509284583273355405211	756	20841
5314573	106359	0.0234633654815028069670361307	489	20841
3510844	106359	0.0410728851782544023799241879	856	20841
5068388	106359	0.0170817139292740271580058538	356	20841
5173620	106359	0.0022071877549061945204164867	46	20841
2193611	106359	0.0477424307854709466916174848	995	20841
3815903	106359	0.1163091982150568590758600835	2424	20841
2622425	106359	0.0149225085168657933880332038	311	20841
3645237	106359	0.0261023943188906482414471474	544	20841
5427526	106359	0.1383810757641188042800249508	2884	20841
5674772	106359	0.2047886377812964828942948995	4268	20841
439070	106359	0.0055179693872654863010412168	115	20841
2096577	106359	0.0190489899716904179262031572	397	20841
2607624	181806	0.053253624682196110767539339	775	14553
3731074	181806	0.0759293616436473579330722188	1105	14553
5169655	181806	0.002267573696145124716553288	33	14553
3786481	181806	0.2116402116402116402116402116	3080	14553
5348759	181806	0.0768913626056483199340342197	1119	14553
2278979	181806	0.0131244416958702672988387274	191	14553
5251596	181806	0.2087542087542087542087542088	3038	14553
2622425	181806	0.2348656634370920085205799492	3418	14553
5427526	181806	0.0819075104789390503676217962	1192	14553
439070	181806	0.0031608603037174465745894317	46	14553
2096577	181806	0.0382051810623239194667766096	556	14553
2607624	181988	0.4782608695652173913043478261	176	368
5583369	181988	0.5217391304347826086956521739	192	368
2607624	3250210	0.1324921135646687697160883281	126	951
5289986	3250210	0.8675078864353312302839116719	825	951
2607624	4333622	0.0168067226890756302521008403	30	1785
5289986	4333622	0.8151260504201680672268907563	1455	1785
5251596	4333622	0.1680672268907563025210084034	300	1785
5289986	1218726	0.4615384615384615384615384615	198	429
3786481	1218726	0.5384615384615384615384615385	231	429
5659388	1326150	0.6666666666666666666666666667	1562	2343
320228	1326150	0.1190781049935979513444302177	279	2343
3645237	1326150	0.2142552283397353819889031157	502	2343
3239181	181784	0.1374775851763299462044231919	460	3346
5583369	181784	0.7319187089061566049013747759	2449	3346
3753587	181784	0.1153616258218768679019725045	386	3346
2789268	181784	0.0152420800956365809922295278	51	3346
3239181	484640	0.4122613803230543318649045521	1123	2724
5289986	484640	0.2173274596182085168869309838	592	2724
5425538	484640	0.0899412628487518355359765051	245	2724
2859570	484640	0.0690161527165932452276064611	188	2724
5173620	484640	0.0220264317180616740088105727	60	2724
3727807	484640	0.090308370044052863436123348	246	2724
3645237	484640	0.0991189427312775330396475771	270	2724
5583176	147546	0.1782283884738527214514407684	167	937
5251730	147546	0.7342582710779082177161152615	688	937
5772434	147546	0.0875133404482390608324439701	82	937
2918766	1588892	0.0845431255337318531169940222	99	1171
5675199	1588892	0.9154568744662681468830059778	1072	1171
5583176	199703	0.0015901749192411165228175099	159	99989
1846173	199703	0.0334536799047895268479532749	3345	99989
2239390	199703	0.0017301903209353028833171649	173	99989
443207	199703	0.3557991379051695686525517807	35576	99989
2141540	199703	0.0028503135344887937673144046	285	99989
2195603	199703	0.4279970796787646641130524358	42795	99989
2274131	199703	0.0346838152196741641580573863	3468	99989
3805657	199703	0.0061006710738181199931992519	610	99989
5753436	199703	0.0953704907539829381231935513	9536	99989
5821160	199703	0.0019002090229925291782096031	190	99989
5772887	199703	0.0015901749192411165228175099	159	99989
5539294	199703	0.0019702167238396223584594305	197	99989
2891820	199703	0.0039804378481632979627759053	398	99989
2307857	199703	0.0237726149876486413505485603	2377	99989
5382853	199703	0.0058806468711558271409855084	588	99989
5620762	199703	0.0013301463160947704247467221	133	99989
5583176	433027	0.0161616161616161616161616162	568	35145
5298106	433027	0.2864418836249822165315123062	10067	35145
443207	433027	0.5183098591549295774647887324	18216	35145
2984909	433027	0.0061175131597666808934414568	215	35145
2141540	433027	0.0085076113245127329634371888	299	35145
2195603	433027	0.0822307582870963152653293498	2890	35145
2274131	433027	0.0822307582870963152653293498	2890	35145
5669992	46042	0.0104191400647753283881200908	1097	105287
1249233	46042	0.0610046824394274696781179063	6423	105287
1846173	46042	0.0225478929022576386448469422	2374	105287
443207	46042	0.1980491418693665884677120632	20852	105287
2984909	46042	0.1187611006107116738058829675	12504	105287
2141540	46042	0.0018900718987149410658485853	199	105287
2195603	46042	0.144433785747528184866127822	15207	105287
2274131	46042	0.2807564086734354668667546801	29560	105287
3552555	46042	0.0205818382136446094959491675	2167	105287
3577282	46042	0.0112454529049170362912800251	1184	105287
5610345	46042	0.0008073171426671858823976369	85	105287
2891820	46042	0.0013961837643773685260288545	147	105287
2307857	46042	0.1139646869983948635634028892	11999	105287
5382853	46042	0.0141422967697816444575303694	1489	105287
3244981	4732995	0.4354838709677419354838709677	270	620
3829899	4732995	0.5645161290322580645161290323	350	620
5669992	1319227	0.0126453580733303679227298723	199	15737
5227307	1319227	0.2220245281819914850352672047	3494	15737
5772434	1319227	0.0127089025862616763042511279	200	15737
5252432	1319227	0.2842346063417423905445764758	4473	15737
5731576	1319227	0.2908432356865984622227870623	4577	15737
5711754	1319227	0.177543369130075617970388257	2794	15737
5669992	294995	0.0444936086529006882989183874	181	4068
2891820	294995	0.6529006882989183874139626352	2656	4068
5620762	294995	0.3026057030481809242871189774	1231	4068
5669992	3414648	0.7983706720977596741344195519	392	491
2918766	3414648	0.2016293279022403258655804481	99	491
5753436	4559242	0.7436410402972277793655330094	2602	3499
5382853	4559242	0.0545870248642469276936267505	191	3499
5620762	4559242	0.2017719348385252929408402401	706	3499
5596266	639950	0.22880371660859465737514518	197	861
5753436	639950	0.551684088269454123112659698	475	861
5772434	639950	0.0685249709639953542392566783	59	861
5620762	639950	0.1509872241579558652729384437	130	861
5669992	8917990	0.2762039660056657223796033994	195	706
3039043	8917990	0.5113314447592067988668555241	361	706
5620762	8917990	0.2124645892351274787535410765	150	706
5669992	9537587	0.505102040816326530612244898	198	392
3039043	9537587	0.1607142857142857142857142857	63	392
5620762	9537587	0.3341836734693877551020408163	131	392
2270701	4933103	0.0043325209856485242350392635	80	18465
3165605	4933103	0.0289737340915245058218250745	535	18465
2095583	4933103	0.0631464933658272407256972651	1166	18465
3505159	4933103	0.0290820471161657189277010561	537	18465
5698620	4933103	0.0174383969672353100460330355	322	18465
5523223	4933103	0.0163011102085025724343352288	301	18465
2315124	4933103	0.016788518819388031410777146	310	18465
3445360	4933103	0.2272948822095857026807473599	4197	18465
3714607	4933103	0.0711616571892770105605199025	1314	18465
3505346	4933103	0.0486867045762252910912537233	899	18465
1838562	4933103	0.021500135391280801516382345	397	18465
2674536	4933103	0.0119685892228540481992959653	221	18465
5176097	4933103	0.0522068778770647170322231248	964	18465
1051023	4933103	0.0582724072569726509612780937	1076	18465
991625	4933103	0.0385594367722718656918494449	712	18465
1896988	4933103	0.0135391280801516382344976983	250	18465
5484709	4933103	0.179041429731925264012997563	3306	18465
3852723	4933103	0.10170593013809910641754671	1878	18465
5511230	102981774	0.0297044408139016783009059854	200	6733
5711754	102981774	0.9702955591860983216990940146	6533	6733
5720832	1128648	0.2101018675721561969439728353	1980	9424
1989229	1128648	0.0469015280135823429541595925	442	9424
742769	1128648	0.7429966044142614601018675722	7002	9424
5720832	40774	0.8524348253812100344318740777	1733	2033
3642667	40774	0.1475651746187899655681259223	300	2033
2592698	1143642	0.005664269514377215276432308	497	87743
3165605	1143642	0.0761200323672543678698015796	6679	87743
2095583	1143642	0.023762579351059343765314612	2085	87743
1838035	1143642	0.0013448366251438861219698437	118	87743
3505159	1143642	0.0202637247415748264818845948	1778	87743
5698620	1143642	0.2278358387563680293584673421	19991	87743
5523223	1143642	0.0263610772369305813569173609	2313	87743
2315124	1143642	0.0082627674002484528680350569	725	87743
3445360	1143642	0.0182236759627548636358455945	1599	87743
3714607	1143642	0.046670389660713675164970425	4095	87743
5203494	1143642	0.0166167101649134403884070524	1458	87743
1087704	1143642	0.0260989480642330442314486626	2290	87743
5488378	1143642	0.004205463683712660839041291	369	87743
3505346	1143642	0.0029745962640894430324926205	261	87743
3117267	1143642	0.0245147761074957546470943551	2151	87743
1838562	1143642	0.0084679119701856558357931687	743	87743
5176097	1143642	0.0054249341827838118140478443	476	87743
1051023	1143642	0.1843565868502330670252897667	16176	87743
5129769	1143642	0.009083345679997264739067504	797	87743
5837700	1143642	0.0143373260545000740799835884	1258	87743
991625	1143642	0.0624209338636700363561765611	5477	87743
5375456	1143642	0.0117502250891809033199229568	1031	87743
3415980	1143642	0.0084109273674253216780825821	738	87743
1896988	1143642	0.0072712353122186385238708501	638	87743
5484709	1143642	0.0198990232839086878725368405	1746	87743
3852723	1143642	0.1396578644450269537171056381	12254	87743
2574274	547949	0.4101992475964887836143235335	2944	7177
1838035	547949	0.0128187264873902744879476104	92	7177
3505159	547949	0.0575449352096976452556778598	413	7177
5698620	547949	0.0064093632436951372439738052	46	7177
3445360	547949	0.1039431517347080953044447541	746	7177
3714607	547949	0.0657656402396544517207746969	472	7177
3117267	547949	0.0986484603594816775811620454	708	7177
1838562	547949	0.0270307928103664483767590915	194	7177
991625	547949	0.0824857182666852445311411453	592	7177
5375456	547949	0.0975337884910129580604709489	700	7177
1896988	547949	0.0376201755608192838233245088	270	7177
2859570	55635	0.1018829858776059179556153329	303	2974
5827797	55635	0.0232010759919300605245460659	69	2974
5674772	55635	0.8749159381304640215198386012	2602	2974
3858908	37512	0.1666666666666666666666666667	543	3258
5810398	37512	0.2120933087783916513198281154	691	3258
2787799	37512	0.1457949662369551872314303254	475	3258
5182767	37512	0.332105586249232658072437078	1082	3258
3191270	37512	0.1433394720687538367096378146	467	3258
5182767	607436	0.5223420647149460708782742681	339	649
3191270	607436	0.4776579352850539291217257319	310	649
3858908	607463	0.0591273766347950324211451808	538	9099
2007437	607463	0.024398285525881965051104517	222	9099
2720295	607463	0.1318826244642268381140784702	1200	9099
1856582	607463	0.0906693043191559512034289482	825	9099
3008553	607463	0.0847345862182657434882954171	771	9099
486761	607463	0.1105616001758434992856357842	1006	9099
5182767	607463	0.1268271238597648093197054621	1154	9099
1145976	607463	0.0708869106495219254863171777	645	9099
5066441	607463	0.0546213869656006154522474997	497	9099
3191270	607463	0.246290801186943620178041543	2241	9099
2720295	7920750	0.4081145584725536992840095465	1197	2933
5182767	7920750	0.3361745652915103989089669281	986	2933
3191270	7920750	0.2557108762359359018070235254	750	2933
5155446	32818	0.0493286948959069413491330108	1815	36794
5843731	32818	0.1212425939011795401424145241	4461	36794
5089001	32818	0.1601348045877045170408218731	5892	36794
5609974	32818	0.0454965483502745012773821819	1674	36794
3819280	32818	0.0041582866771756264608360059	153	36794
2273174	32818	0.0540033701146926129260205468	1987	36794
3667636	32818	0.0183453823993042343860412024	675	36794
5673189	32818	0.0076914714355601456759254226	283	36794
5204911	32818	0.1998695439473827254443659292	7354	36794
5314573	32818	0.1063488612273740283741914443	3913	36794
2271735	32818	0.0416644018046420612056313529	1533	36794
5060519	32818	0.0012502038375822144914931782	46	36794
697413	32818	0.0016035223134206664130021199	59	36794
5722038	32818	0.0096483122248192640104364842	355	36794
5750433	32818	0.0173126053160841441539381421	637	36794
2941832	32818	0.0012502038375822144914931782	46	36794
5840381	32818	0.0076371147469696146110778931	281	36794
1215598	32818	0.0081535032885796597271294233	300	36794
2622425	32818	0.0314997010382127520791433386	1159	36794
2053521	32818	0.0146763059194433875088329619	540	36794
3867807	32818	0.001386095559058542153612002	51	36794
1851818	32818	0.0972984725770506060770777844	3580	36794
1895544	215724	0.0175736360100420777200240444	497	28281
5829320	215724	0.003748099430713199674693257	106	28281
5203353	215724	0.123722640642127223224072699	3499	28281
3661841	215724	0.0906615749089494713765425551	2564	28281
5791729	215724	0.0107492662918567235953466992	304	28281
3469950	215724	0.0352887097344506912768289664	998	28281
5265557	215724	0.3352073830486899331706799618	9480	28281
3049251	215724	0.1100031823485732470563275697	3111	28281
3613304	215724	0.1402708532230119161274353806	3967	28281
3205303	215724	0.122237544641278596937873484	3457	28281
5328797	215724	0.0105371097203069198401753828	298	28281
5829320	434783	0.0137551581843191196698762036	120	8724
5203353	434783	0.0566254011921137093076570381	494	8724
5483941	434783	0.5353049060064190738193489225	4670	8724
5791729	434783	0.0437872535534158642824392481	382	8724
3469950	434783	0.1714809720311783585511233379	1496	8724
3205303	434783	0.1375515818431911966987620358	1200	8724
5328797	434783	0.0414947271893626776707932141	362	8724
2720295	1125487	0.1725490196078431372549019608	132	765
1856582	1125487	0.8274509803921568627450980392	633	765
5298106	1176464	0.1427523094189760856427523094	3307	23166
443207	1176464	0.3181818181818181818181818182	7371	23166
2984909	1176464	0.0115686782353449020115686782	268	23166
2195603	1176464	0.0593973927307260640593973927	1376	23166
2274131	1176464	0.1270827937494604161270827937	2944	23166
5166468	1176464	0.3137788137788137788137788138	7269	23166
3032964	1176464	0.0272381939048605715272381939	631	23166
5298106	9952293	0.8446859400998336106489184692	97470	115392
443207	9952293	0.0800228785357737104825291181	9234	115392
2984909	9952293	0.0117599140321686078757626179	1357	115392
2195603	9952293	0.0591635468663338879645036051	6827	115392
5753436	9952293	0.0043677204658901830282861897	504	115392
3071898	1864653	0.0162938414802540734603700635	649	39831
5583136	1864653	0.1082573874620270643468655068	4312	39831
5615196	1864653	0.0297506966935301649469006553	1185	39831
5582203	1864653	0.3092315031006000351485024227	12317	39831
5823508	1864653	0.5218046245386759057015892144	20784	39831
5749002	1864653	0.0146619467249127563957721373	584	39831
3071898	3337859	0.4777128804180756225023055641	1554	3253
5583136	3337859	0.2007377805102981862895788503	653	3253
5092770	3337859	0.1383338456809099292960344298	450	3253
5582203	3337859	0.1832154933907162619120811559	596	3253
5843731	32673	0.4036011550874808900968235094	4752	11774
2679352	32673	0.2541192457958213011720740615	2992	11774
3516121	32673	0.0849329030066247664345167318	1000	11774
5659537	32673	0.1198403261423475454391031085	1411	11774
5435853	32673	0.0930015287922541192457958213	1095	11774
2247521	32673	0.0445048411754713776116867675	524	11774
5843731	90246	0.3277722166611055499944388833	2947	8991
3819280	90246	0.021465910354799243688132577	193	8991
5106460	90246	0.010343677010343677010343677	93	8991
5650187	90246	0.0556111667222778333889445001	500	8991
5673189	90246	0.031031031031031031031031031	279	8991
5204911	90246	0.2581470359248137025914803693	2321	8991
5750433	90246	0.032810588366143921699477255	295	8991
5840381	90246	0.01668335001668335001668335	150	8991
5582203	90246	0.033144255366477588699810922	298	8991
5674772	90246	0.2129907685463241018796574352	1915	8991
935358	3723430	0.1725625539257981018119068162	200	1159
5257240	3723430	0.6574633304572907679033649698	762	1159
3583210	3723430	0.169974115616911130284728214	197	1159
935358	3910225	0.1111111111111111111111111111	193	1737
5257240	3910225	0.4018422567645365572826712723	698	1737
3583210	3910225	0.390903857225100748416810593	679	1737
1323327	3910225	0.0961427748992515831894070236	167	1737
3501834	32447	0.3785594639865996649916247906	226	597
5765424	32447	0.6214405360134003350083752094	371	597
3437200	32671	0.0082126079957951447061528859	250	30441
5829320	32671	0.0019710259189908347294766926	60	30441
5422757	32671	0.0295325383528793403633257777	899	30441
2928112	32671	0.2174698597286554318189284189	6620	30441
3516121	32671	0.1175716960678032916132847147	3579	30441
3452749	32671	0.028218521073552117210341316	859	30441
5514037	32671	0.1804474228836109194835912092	5493	30441
5435853	32671	0.0387635097401530830130416215	1180	30441
1206937	32671	0.0049604152294602674025163431	151	30441
5097275	32671	0.0264774481784435465326369042	806	30441
3663640	32671	0.1305147662691764396701816629	3973	30441
5403342	32671	0.1521303505141092605367760586	4631	30441
1010277	32671	0.030452350448408396570414901	927	30441
1275831	32671	0.0136986301369863013698630137	417	30441
782641	32671	0.01957885746197562497946848	596	30441
2023644	465916	0.7246589997325488098422037978	5419	7478
1277045	465916	0.2641080502808237496656860123	1975	7478
5665029	465916	0.0112329499866274404921101899	84	7478
3631712	76518	0.2216290683657654554847597727	1287	5807
2749745	76518	0.0861029791630790425348717066	500	5807
1163956	76518	0.2193903909075254003788531083	1274	5807
5662402	76518	0.4728775615636301016015154124	2746	5807
2906288	198288	0.3018965965185762535723564562	1162	3849
5251596	198288	0.2764354377760457261626396467	1064	3849
3642667	198288	0.0155884645362431800467653936	60	3849
2474579	198288	0.4060795011691348402182385035	1563	3849
2906288	198293	0.558597091531223267750213858	1959	3507
3720272	198293	0.441402908468776732249786142	1548	3507
2906288	32819	0.0735441673789438477832695381	1979	26909
5089001	32819	0.0371251254227210227061577911	999	26909
5829320	32819	0.0322940280203649336653164369	869	26909
5572167	32819	0.0733955182281021219666282656	1975	26909
3033040	32819	0.3147274146196439852837340667	8469	26909
5060519	32819	0.0264223865621167639079861756	711	26909
2402068	32819	0.4278122561224869002935820729	11512	26909
5582203	32819	0.0146791036456204243933256531	395	26909
2906288	55703	0.8886827458256029684601113173	479	539
5827797	55703	0.1113172541743970315398886827	60	539
2906288	90247	0.7356418918918918918918918919	871	1184
5750433	90247	0.2643581081081081081081081081	313	1184
484720	591137	0.2248840803709428129829984544	873	3882
3426153	591137	0.2645543534260690365790829469	1027	3882
5173620	591137	0.5105615662029881504379185987	1982	3882
2273174	236579	0.1237705595503760641375320274	2995	24198
5136633	236579	0.4387552690304983882965534342	10617	24198
2643334	236579	0.1257955202909331349698322175	3044	24198
5585871	236579	0.0034713612695264071410860402	84	24198
3007796	236579	0.2620877758492437391519960327	6342	24198
1010277	236579	0.046119514009422266303000248	1116	24198
5089001	55704	0.7522123893805309734513274336	595	791
1850641	55704	0.2477876106194690265486725664	196	791
5089001	602628	0.1380506416926812348248352411	1990	14415
3483534	602628	0.1233437391605966007630939993	1778	14415
5435853	602628	0.0691640652098508498092265002	997	14415
3428949	602628	0.6694415539368713146028442595	9650	14415
3165605	587751	0.1541322314049586776859504132	746	4840
5698620	587751	0.0095041322314049586776859504	46	4840
5523223	587751	0.1716942148760330578512396694	831	4840
3445360	587751	0.05	242	4840
3117267	587751	0.5566115702479338842975206612	2694	4840
1051023	587751	0.0580578512396694214876033058	281	4840
3782610	159298	0.2171995589856670341786108049	591	2721
3543081	159298	0.2793090775450202131569276001	760	2721
5654597	159298	0.3697170158030135979419331128	1006	2721
1086934	159298	0.086732818816611539875045939	236	2721
1011784	159298	0.0470415288496876148474825432	128	2721
3782610	86927	0.986795956261605116566948628	14349	14541
2061525	86927	0.013204043738394883433051372	192	14541
5257240	3723431	0.729014598540145985401459854	799	1096
2493692	3723431	0.270985401459854014598540146	297	1096
2493692	3969636	0.7506561679790026246719160105	286	381
5665029	3969636	0.2493438320209973753280839895	95	381
2621718	4891206	0.3424657534246575342465753425	200	584
5789229	4891206	0.2962328767123287671232876712	173	584
2228371	4891206	0.3613013698630136986301369863	211	584
5585796	214727	0.1664029044870601377769502886	3575	21484
5735650	214727	0.0793148389499162167194191026	1704	21484
2610053	214727	0.0113572891454105380748463973	244	21484
5092770	214727	0.2773692049897598212623347608	5959	21484
5506490	214727	0.2038261031465276484825916961	4379	21484
5544015	214727	0.0343511450381679389312977099	738	21484
5610237	214727	0.0069819400484081176689629492	150	21484
5697386	214727	0.0032582386892571215788493763	70	21484
5823740	214727	0.2171383355054924595047477192	4665	21484
5585796	286756	0.3633004926108374384236453202	1475	4060
2887289	286756	0.5588669950738916256157635468	2269	4060
2023644	286756	0.0539408866995073891625615764	219	4060
5665029	286756	0.0238916256157635467980295567	97	4060
1838035	251987	0.0137889688249400479616306954	46	3336
3505159	251987	0.0728417266187050359712230216	243	3336
5698620	251987	0.04466426858513189448441247	149	3336
5523223	251987	0.1558752997601918465227817746	520	3336
2315124	251987	0.1462829736211031175059952038	488	3336
3505346	251987	0.207134292565947242206235012	691	3336
1838562	251987	0.0869304556354916067146282974	290	3336
1051023	251987	0.0986211031175059952038369305	329	3336
991625	251987	0.1738609112709832134292565947	580	3336
3583261	13152212	0.5143442622950819672131147541	251	488
1323327	13152212	0.4856557377049180327868852459	237	488
5289986	4763103	0.4077868852459016393442622951	199	488
2193611	4763103	0.5922131147540983606557377049	289	488
3441705	391033	0.2891844997108155002891844997	500	1729
3146489	391033	0.1619433198380566801619433198	280	1729
3007796	391033	0.5488721804511278195488721805	949	1729
5566023	674112	0.1207635372029606544604596806	310	2567
5791729	674112	0.8792364627970393455395403194	2257	2567
5254277	1002220	0.8666879795396419437340153453	2711	3128
3871640	1002220	0.1333120204603580562659846547	417	3128
1186753	141491	0.0269092694302107943910895646	877	32591
332897	141491	0.382467552391764597588291246	12465	32591
5659537	141491	0.2160105550612132183731705072	7040	32591
1043761	141491	0.0721364793961523119879721395	2351	32591
5407259	141491	0.1794667239421926298671412353	5849	32591
3128854	141491	0.1230094197784664477923353073	4009	32591
5348759	110266	0.2413793103448275862068965517	189	783
2193611	110266	0.7586206896551724137931034483	594	783
5125934	1172914	0.5076923076923076923076923077	495	975
3793030	1172914	0.0307692307692307692307692308	30	975
5328797	1172914	0.4615384615384615384615384615	450	975
1249233	46093	0.0923645320197044334975369458	225	2436
2195603	46093	0.3378489326765188834154351396	823	2436
2307857	46093	0.2454844006568144499178981938	598	2436
5382853	46093	0.2750410509031198686371100164	670	2436
5830253	46093	0.0492610837438423645320197044	120	2436
5609974	1494550	0.9134798408029070773490223222	5279	5779
5106460	1494550	0.0865201591970929226509776778	500	5779
970042	2667906	0.0562613430127041742286751361	124	2204
3185210	2667906	0.1156987295825771324863883848	255	2204
3753587	2667906	0.8280399274047186932849364791	1825	2204
5733422	10808513	0.5320512820512820512820512821	83	156
5813717	10808513	0.4679487179487179487179487179	73	156
5735650	10808514	0.7567567567567567567567567568	280	370
5814079	10808514	0.2432432432432432432432432432	90	370
5735650	11059583	0.1138632872503840245775729647	593	5208
5572167	11059583	0.1034946236559139784946236559	539	5208
3804931	11059583	0.0944700460829493087557603687	492	5208
5640516	11059583	0.1274961597542242703533026114	664	5208
5813717	11059583	0.5606758832565284178187403994	2920	5208
5735650	11895150	0.6597938144329896907216494845	192	291
5814079	11895150	0.3402061855670103092783505155	99	291
5735650	12381590	0.4763374485596707818930041152	463	972
5814079	12381590	0.3919753086419753086419753086	381	972
3804931	12381590	0.1316872427983539094650205761	128	972
5735650	1729035	0.3274504084014002333722287048	2245	6856
5814079	1729035	0.0259626604434072345390898483	178	6856
2749745	1729035	0.5441948658109684947491248541	3731	6856
3548252	1729035	0.1023920653442240373395565928	702	6856
5735650	1729036	0.1637043966323666978484565014	175	1069
5814079	1729036	0.267539756782039289055191768	286	1069
5640516	1729036	0.5687558465855940130963517306	608	1069
5735650	1842903	0.7170686456400742115027829314	773	1078
5733422	1842903	0.0927643784786641929499072356	100	1078
3427163	1842903	0.1029684601113172541743970315	111	1078
5813717	1842903	0.0871985157699443413729128015	94	1078
5735650	247701	0.1040086673889490790899241603	96	923
5814079	247701	0.086673889490790899241603467	80	923
3804931	247701	0.8093174431202600216684723727	747	923
5735650	282078591	0.5076142131979695431472081218	100	197
5814079	282078591	0.4923857868020304568527918782	97	197
5735650	392682	0.8343483556638246041412911084	685	821
2344919	392682	0.1656516443361753958587088916	136	821
5735650	4541158	0.5405405405405405405405405405	100	185
5814079	4541158	0.4594594594594594594594594595	85	185
5735650	60674449	0.4974358974358974358974358974	97	195
5814079	60674449	0.5025641025641025641025641026	98	195
5735650	61518582	0.6594295444870157513835674755	1549	2349
5814079	61518582	0.0195828011919965942954448702	46	2349
3804931	61518582	0.2784163473818646232439335888	654	2349
5640516	61518582	0.0425713069391230310770540656	100	2349
5735650	712036	0.4723978807041531362160314476	2764	5851
5814079	712036	0.1114339429157408989916253632	652	5851
5824609	712036	0.0290548624166809092462826867	170	5851
2344919	712036	0.3871133139634250555460605025	2265	5851
5735650	7514973	0.3745318352059925093632958801	100	267
5814079	7514973	0.6254681647940074906367041199	167	267
5735650	80646857	0.5103092783505154639175257732	99	194
5814079	80646857	0.4896907216494845360824742268	95	194
5735650	8169254	0.3051948051948051948051948052	188	616
5814079	8169254	0.125	77	616
3548252	8169254	0.4058441558441558441558441558	250	616
3804931	8169254	0.163961038961038961038961039	101	616
5735650	85676	0.046670310821254217480632575	2476	53053
5733422	85676	0.0247111379186850884964092511	1311	53053
3631712	85676	0.0385275102256234331706029819	2044	53053
5814079	85676	0.0033362863551542796825815694	177	53053
2749745	85676	0.0329481838915801179952123348	1748	53053
2726535	85676	0.0022995872052475826060731721	122	53053
2050770	85676	0.0751135656796034154524720562	3985	53053
3027919	85676	0.2316739863909675230429947411	12291	53053
5824609	85676	0.0877989934593708178613838991	4658	53053
2344919	85676	0.0246734397677793904208998549	1309	53053
3804931	85676	0.1150547565641905264546773981	6104	53053
5640516	85676	0.1417073492545190658398205568	7518	53053
5662402	85676	0.0426177595988916743633724766	2261	53053
5800746	85676	0.1082125421748063257497219761	5741	53053
5813717	85676	0.0246545906923265413831451567	1308	53053
2887289	3996168	0.35	63	180
5276927	3996168	0.65	117	180
3483534	236582	0.1720038046924540266328471782	1085	6308
3428949	236582	0.8279961953075459733671528218	5223	6308
3441705	6298373	0.2765846899896085902320748182	1597	5774
3516121	6298373	0.515933494977485278836162106	2979	5774
1010277	6298373	0.2074818150329061309317630759	1198	5774
5147041	216794	0.0338312829525483304042179262	231	6828
3641103	216794	0.6448447568834212067955477446	4403	6828
3035133	216794	0.3213239601640304628002343292	2194	6828
3793030	2077155	0.0126886145404663923182441701	296	23328
5514037	2077155	0.6154835390946502057613168724	14358	23328
5181367	2077155	0.1697959533607681755829903978	3961	23328
2247521	2077155	0.2020318930041152263374485597	4713	23328
1001725	214715	0.0768067735107348049591775023	254	3307
5401458	214715	0.4807983066223162987602056244	1590	3307
5750433	214715	0.1300272149984880556395524645	430	3307
3095141	214715	0.2219534321136982159056546719	734	3307
1215598	214715	0.0904142727547626247354097369	299	3307
845099	199725	0.3556797020484171322160148976	382	1074
2678192	199725	0.2309124767225325884543761639	248	1074
5654087	199725	0.4134078212290502793296089385	444	1074
845099	60617344	0.6599552572706935123042505593	295	447
2382483	60617344	0.3400447427293064876957494407	152	447
845099	7540724	0.213963963963963963963963964	190	888
3468679	7540724	0.786036036036036036036036036	698	888
3071898	490439	0.7153419593345656192236598891	1935	2705
5708609	490439	0.2846580406654343807763401109	770	2705
3579480	1322934	0.9790623577605826126536185708	4302	4394
5599772	1322934	0.0209376422394173873463814292	92	4394
3579480	28507949	0.4729241877256317689530685921	262	554
3645237	28507949	0.5270758122743682310469314079	292	554
5438401	794678	0.7062863180137348124669836239	1337	1893
3753587	794678	0.2937136819862651875330163761	556	1893
2242045	181793	0.7340425531914893617021276596	552	752
5659388	181793	0.2659574468085106382978723404	200	752
2242045	181805	0.123215230037017451084082496	233	1891
3731074	181805	0.1565309360126916975145425701	296	1891
5415526	181805	0.1300898995240613432046536224	246	1891
3640481	181805	0.0655737704918032786885245902	124	1891
3510844	181805	0.2607086197778952934955050238	493	1891
3727807	181805	0.2638815441565309360126916975	499	1891
2884053	3133954	0.0451183431952662721893491124	122	2704
3720272	3133954	0.9548816568047337278106508876	2582	2704
3819280	1775315	0.2051282051282051282051282051	288	1404
5457091	1775315	0.7948717948717948717948717949	1116	1404
3819280	222277	0.28125	117	416
2905494	222277	0.71875	299	416
3597649	600255	0.2164310954063604240282685512	490	2264
5092770	600255	0.1325088339222614840989399293	300	2264
1010277	600255	0.6510600706713780918727915194	1474	2264
5791729	975126	0.2575593952483801295896328294	477	1852
3049251	975126	0.2257019438444924406047516199	418	1852
1206937	975126	0.5167386609071274298056155508	957	1852
2095583	5764153	0.3659108678655199374511336982	468	1279
2574274	5764153	0.2009382329945269741985926505	257	1279
3505346	5764153	0.2470680218921032056293979672	316	1279
3117267	5764153	0.1860828772478498827208756841	238	1279
2095583	610264	0.0719952982662356744049368205	245	3403
1838035	610264	0.0135174845724360858066411989	46	3403
3505159	610264	0.0605348222156920364384366735	206	3403
5523223	610264	0.0822803408756979136056420805	280	3403
1087704	610264	0.0728768733470467234792829856	248	3403
3505346	610264	0.4657655010285042609462239201	1585	3403
991625	610264	0.0449603291213635027916544226	153	3403
3852723	610264	0.1880693505730238025271818983	640	3403
3631712	12334977	0.2174369747899159663865546218	414	1904
3804931	12334977	0.7825630252100840336134453782	1490	1904
3631712	219738	0.3025830258302583025830258303	410	1355
3501834	219738	0.1232472324723247232472324723	167	1355
1163956	219738	0.5741697416974169741697416974	778	1355
3631712	557619	0.195905072126570497906002792	421	2149
1277045	557619	0.1154025127966496044671940437	248	2149
1145976	557619	0.6886924150767798976268031643	1480	2149
3631712	591032	0.5818977303800929723817336615	2128	3657
3548252	591032	0.3385288487831555920153130982	1238	3657
3804931	591032	0.0795734208367514356029532404	291	3657
2749745	65663	0.5132336018411967779056386651	2230	4345
1163956	65663	0.0598388952819332566168009206	260	4345
5800746	65663	0.4269275028768699654775604143	1855	4345
3667636	246183	0.3765903307888040712468193384	888	2358
3516121	246183	0.3303647158608990670059372349	779	2358
5585606	246183	0.2930449533502968617472434266	691	2358
3027517	610299	0.4182637110306455886249227237	9472	22646
5352203	610299	0.1555241543760487503311843151	3522	22646
5093260	610299	0.2271041243486708469486885101	5143	22646
3102462	610299	0.0731696546851541111012982425	1657	22646
782641	610299	0.1259383555594807029939062086	2852	22646
3437200	32701	0.1404591458899037274746976055	569	4051
5136633	32701	0.1644038509010120957788200444	666	4051
5531646	32701	0.1226857566033078252283386818	497	4051
5674772	32701	0.5724512466057763515181436682	2319	4051
3667636	4324783	0.4698529411764705882352941176	1278	2720
5204911	4324783	0.4349264705882352941176470588	1183	2720
5827971	4324783	0.0952205882352941176470588235	259	2720
5599772	40846	0.0263531499556344276841171251	297	11270
2307383	40846	0.3867790594498669032830523514	4359	11270
793581	40846	0.0776397515527950310559006211	875	11270
1989229	40846	0.1255545696539485359361135759	1415	11270
3642667	40846	0.3836734693877551020408163265	4324	11270
3470453	420392	0.0270653654108034498411257376	477	17624
5477798	420392	0.0165115751248297775760326827	291	17624
742769	420392	0.9564230594643667725828415797	16856	17624
2621718	139534	0.2592652142455181284669185626	3225	12439
5827210	139534	0.0333628105153147359112468848	415	12439
5736339	139534	0.058123643379692901358630115	723	12439
5435853	139534	0.2861162472867593858027172602	3559	12439
5467042	139534	0.1358630114961009727470053863	1690	12439
3444650	139534	0.2272690730766138757134817911	2827	12439
2720295	2847846	0.5447488584474885844748858447	1193	2190
3191270	2847846	0.4552511415525114155251141553	997	2190
1215598	1929632	0.3742911153119092627599243856	594	1587
5585606	1929632	0.6257088846880907372400756144	993	1587
5264811	9037373	0.2629310344827586206896551724	427	1624
3497916	9037373	0.7370689655172413793103448276	1197	1624
5264811	968811	0.0853446611314925661324580035	884	10358
3497916	968811	0.2254296196176868121258930295	2335	10358
1215598	968811	0.689225719250820621741648967	7139	10358
3185210	24733565	0.6328125	405	640
3640481	24733565	0.3671875	235	640
2023644	576289	0.0550458715596330275229357798	360	6540
2493692	576289	0.4348623853211009174311926606	2844	6540
5789229	576289	0.0530581039755351681957186544	347	6540
2674536	576289	0.0541284403669724770642201835	354	6540
5848573	576289	0.4029051987767584097859327217	2635	6540
2574274	1334927	0.8357656284033979525157917665	3837	4591
3117267	1334927	0.1642343715966020474842082335	754	4591
5698620	2279256	0.1101321585903083700440528634	75	681
3117267	2279256	0.5491923641703377386196769457	374	681
1051023	2279256	0.3406754772393538913362701909	232	681
3204059	214706	0.1386554621848739495798319328	594	4284
3640481	214706	0.0415499533146591970121381886	178	4284
5659388	214706	0.0345471521942110177404295051	148	4284
5068388	214706	0.177404295051353874883286648	760	4284
3095141	214706	0.5130718954248366013071895425	2198	4284
320228	214706	0.094771241830065359477124183	406	4284
5203353	150857	0.4253490870032223415682062299	396	931
5796363	150857	0.5746509129967776584317937701	535	931
5438401	288905	0.1520572450805008944543828265	510	3354
5659388	288905	0.0894454382826475849731663685	300	3354
3753587	288905	0.3583780560524746571258199165	1202	3354
2268018	288905	0.4001192605843768634466308885	1342	3354
5173679	1918592	0.1992793791574279379157427938	719	3608
5631328	1918592	0.4966740576496674057649667406	1792	3608
5765424	1918592	0.2522172949002217294900221729	910	3608
5665029	1918592	0.0518292682926829268292682927	187	3608
5302417	4531298	0.128829826504245108896271687	698	5418
2678192	4531298	0.1100036913990402362495385751	596	5418
5653863	4531298	0.6884459210040605389442598745	3730	5418
5173679	4531298	0.0361757105943152454780361757	196	5418
2973746	4531298	0.0365448504983388704318936877	198	5418
5422757	1234953	0.4803084168244147929267279191	10403	21659
3837727	1234953	0.5196915831755852070732720809	11256	21659
3731074	868839	0.502906976744186046511627907	346	688
3445360	868839	0.497093023255813953488372093	342	688
2984909	1216497	0.158004158004158004158004158	304	1924
3032964	1216497	0.841995841995841995841995842	1620	1924
2307857	433026	0.5911949685534591194968553459	188	318
3032964	433026	0.4088050314465408805031446541	130	318
443207	4439034	0.5111358574610244988864142539	1377	2694
5753436	4439034	0.1893095768374164810690423163	510	2694
2307857	4439034	0.1670378619153674832962138085	450	2694
3032964	4439034	0.1325167037861915367483296214	357	2694
5762823	144048	0.5476334246829857401644293743	11790	21529
825177	144048	0.0642389335315156300803567281	1383	21529
5774555	144048	0.3881276417854986297552138975	8356	21529
3637124	159317	0.0407969639468690702087286528	172	4216
3543081	159317	0.9592030360531309297912713472	4044	4216
5092855	727627	0.1929181929181929181929181929	632	3276
5631328	727627	0.8070818070818070818070818071	2644	3276
3495673	12623075	0.1291428571428571428571428571	226	1750
5556962	12623075	0.0571428571428571428571428571	100	1750
5827971	12623075	0.8137142857142857142857142857	1424	1750
3667636	3910180	0.3654791154791154791154791155	1785	4884
5204911	3910180	0.6345208845208845208845208845	3099	4884
3667636	94259	0.7653429602888086642599277978	424	554
3452749	94259	0.2346570397111913357400722022	130	554
5789229	199050	0.1047637122793698994116530651	552	5269
5173175	199050	0.5879673562345796166255456443	3098	5269
5848573	199050	0.3072689314860504839628012906	1619	5269
2208144	864582	0.0958317101675107128944292949	246	2567
2307383	864582	0.1121932216595247370471367355	288	2567
2129356	864582	0.714842228282041293338527464	1835	2567
5583369	864582	0.0771328398909232567199065056	198	2567
3060265	2220115	0.4007623888182973316391359593	3154	7870
2839913	2220115	0.0640406607369758576874205845	504	7870
677993	2220115	0.3693773824650571791613722999	2907	7870
941470	2220115	0.1658195679796696315120711563	1305	7870
3060265	434561	0.2792824481181850158283503342	794	2843
677993	434561	0.1178332747098135772071755188	335	2843
941470	434561	0.602884277172001406964474147	1714	2843
2839913	74063	0.0875206239688015599220038998	1167	13334
864111	74063	0.4460776961151942402879856007	5948	13334
941470	74063	0.3539823008849557522123893805	4720	13334
5674772	74063	0.1124193790310484475776211189	1499	13334
3060265	8434725	0.5924207269914926527455529776	766	1293
941470	8434725	0.4075792730085073472544470224	527	1293
3060265	9969138	0.1753880266075388026607538803	791	4510
677993	9969138	0.6363636363636363636363636364	2870	4510
941470	9969138	0.1882483370288248337028824834	849	4510
5347741	1331083	0.0808861411643482740855229263	157	1941
3539081	1331083	0.5229263266357547655847501288	1015	1941
5531646	1331083	0.3961875321998969603297269449	769	1941
5106460	187465	0.3145695364238410596026490066	190	604
5173175	187465	0.577814569536423841059602649	349	604
2004790	187465	0.1076158940397350993377483444	65	604
5106460	539902	0.0166694449074845807634605768	100	5999
2307383	539902	0.0515085847641273545590931822	309	5999
793581	539902	0.1295215869311551925320886814	777	5999
5346976	539902	0.061676946157692948824804134	370	5999
3640481	539902	0.0128354725787631271878646441	77	5999
5659388	539902	0.1243540590098349724954159027	746	5999
3445360	539902	0.1836972828804800800133355559	1102	5999
2268018	539902	0.2198699783297216202700450075	1319	5999
320228	539902	0.1718619769961660276712785464	1031	5999
5291256	539902	0.028004667444574095682613769	168	5999
2307383	369329	0.3574529667149059334298118669	247	691
5801828	369329	0.6425470332850940665701881331	444	691
2320127	1179055	0.8817323709050527484730705164	1588	1801
5662180	1179055	0.1182676290949472515269294836	213	1801
2320127	193262	0.1603566352241891717276133867	1241	7739
5662180	193262	0.5321100917431192660550458716	4118	7739
3055115	193262	0.2918981780591807727096524099	2259	7739
5610237	193262	0.0156350949735107895076883318	121	7739
2320127	4406400	0.4318840579710144927536231884	149	345
3055115	4406400	0.5681159420289855072463768116	196	345
5654087	6783419	0.0475740390674228103339634531	151	3174
5173679	6783419	0.0526149968494013862633900441	167	3174
5752103	6783419	0.8998109640831758034026465028	2856	3174
2918766	155087	0.1701421800947867298578199052	359	2110
2468916	155087	0.1255924170616113744075829384	265	2110
2296850	155087	0.6222748815165876777251184834	1313	2110
2610053	155087	0.081990521327014218009478673	173	2110
2141540	199706	0.044087219481139583001750756	277	6283
2195603	199706	0.617698551647302244150883336	3881	6283
3805657	199706	0.1161865350946999840840362884	730	6283
2891820	199706	0.0978831768263568359064141334	615	6283
2307857	199706	0.1241445169505013528569154862	780	6283
2918766	8434190	0.3023255813953488372093023256	169	559
2468916	8434190	0.6976744186046511627906976744	390	559
3483534	607508	0.1333785847615815374172747327	786	5893
3007796	607508	0.1951467843203801119972849143	1150	5893
2905494	607508	0.671474630918038350585440353	3957	5893
5089150	226949965	0.4671361502347417840375586854	398	852
5666025	226949965	0.5328638497652582159624413146	454	852
3583210	11538018	0.8145454545454545454545454545	448	550
1323327	11538018	0.1854545454545454545454545455	102	550
5659537	3795104	0.4139457664637520752628666298	748	1807
3597649	3795104	0.5058107360265633646928610957	914	1807
5749002	3795104	0.0802434975096845600442722745	145	1807
5791729	1218150	0.5374592833876221498371335505	1155	2149
3049251	1218150	0.4625407166123778501628664495	994	2149
793581	36001218	0.6923076923076923076923076923	99	143
3738574	36001218	0.3076923076923076923076923077	44	143
1207042	4708239	0.0300719424460431654676258993	209	6950
5827971	4708239	0.9699280575539568345323741007	6741	6950
5572167	1030776	0.7408376963350785340314136126	1415	1910
5403508	1030776	0.0853403141361256544502617801	163	1910
5840381	1030776	0.1738219895287958115183246073	332	1910
5572167	237789	0.6387345019238991021804189825	1494	2339
5173175	237789	0.149209063702436938862761864	349	2339
5827971	237789	0.2120564343736639589568191535	496	2339
5438401	3696224	0.1504676697844652297681984547	370	2459
3753587	3696224	0.8495323302155347702318015453	2089	2459
5438401	863383	0.8155018217952964557800596224	2462	3019
3786481	863383	0.0871149387214309373964889036	263	3019
2268018	863383	0.097383239483272606823451474	294	3019
5514037	2243380	0.6939688715953307392996108949	3567	5140
5181367	2243380	0.1926070038910505836575875486	990	5140
2247521	2243380	0.1134241245136186770428015564	583	5140
5514037	4674432	0.4373177842565597667638483965	1200	2744
5181367	4674432	0.2208454810495626822157434402	606	2744
2247521	4674432	0.3418367346938775510204081633	938	2744
2141540	199704	0.0956142740397711795151184963	351	3671
2195603	199704	0.7425769545083083628439117407	2726	3671
2307857	199704	0.161808771451920457640969763	594	3671
5556962	327075	0.1389854065323141070187630299	200	1439
5757453	327075	0.0674079221681723419041000695	97	1439
3614380	327075	0.6219596942321056289089645587	895	1439
2836432	327075	0.1716469770674079221681723419	247	1439
1165836	1443653	0.2243285939968404423380726698	142	633
3191270	1443653	0.7756714060031595576619273302	491	633
3543081	159302	0.4536585365853658536585365854	93	205
1086934	159302	0.5463414634146341463414634146	112	205
3543081	159319	0.2935384615384615384615384615	477	1625
1086934	159319	0.7064615384615384615384615385	1148	1625
3543081	159324	0.5389221556886227544910179641	360	668
1086934	159324	0.4610778443113772455089820359	308	668
3543081	1694896	0.3154098360655737704918032787	481	1525
5654597	1694896	0.2845901639344262295081967213	434	1525
1086934	1694896	0.2	305	1525
1011784	1694896	0.2	305	1525
3543081	2227785	0.3053691275167785234899328859	91	298
5654597	2227785	0.5	149	298
1086934	2227785	0.1946308724832214765100671141	58	298
3543081	2624910	0.3975903614457831325301204819	99	249
5654597	2624910	0.6024096385542168674698795181	150	249
5265557	1537037	0.3843916626272418807561803199	793	2063
5173175	1537037	0.1454192922927775084827920504	300	2063
3205303	1537037	0.4701890450799806107610276297	970	2063
2239390	5473131	0.0970970970970970970970970971	97	999
5060519	5473131	0.6026026026026026026026026026	602	999
5750433	5473131	0.3003003003003003003003003003	300	999
3505346	41756999	0.4334841628959276018099547511	479	1105
1896988	41756999	0.2162895927601809954751131222	239	1105
5484709	41756999	0.1719457013574660633484162896	190	1105
3852723	41756999	0.1782805429864253393665158371	197	1105
443207	36051194	0.7066557107641741988496302383	3440	4868
2195603	36051194	0.2933442892358258011503697617	1428	4868
2984909	1176463	0.1951672862453531598513011152	210	1076
3805657	1176463	0.8048327137546468401486988848	866	1076
2984909	1416061	0.0283421118635565588161524956	113	3987
2195603	1416061	0.9716578881364434411838475044	3874	3987
2984909	2902917	0.4393442622950819672131147541	134	305
2141540	2902917	0.5606557377049180327868852459	171	305
2315124	7592079	0.0769986250245531329797682184	392	5091
3445360	7592079	0.0408564132783343154586525241	208	5091
3505346	7592079	0.0386957375761147122372814771	197	5091
3117267	7592079	0.1374975446867020231781575329	700	5091
1051023	7592079	0.2903162443527794146533097623	1478	5091
991625	7592079	0.3631899430367314869377332548	1849	5091
1896988	7592079	0.0524454920447849145550972304	267	5091
5767966	9037375	0.7554614733276883996613039797	4461	5905
5722038	9037375	0.2445385266723116003386960203	1444	5905
3176004	217844	0.3267477203647416413373860182	215	658
5848573	217844	0.6732522796352583586626139818	443	658
3049251	434853	0.6990387802452767649983427246	2109	3017
3205303	434853	0.1193238316208153795160755718	360	3017
5328797	434853	0.1816373881339078554855817037	548	3017
2195603	59648935	0.1979495268138801261829652997	251	1268
5753436	59648935	0.8020504731861198738170347003	1017	1268
5659388	1804344	0.1483990147783251231527093596	241	1624
3753587	1804344	0.8516009852216748768472906404	1383	1624
5093260	2851967	0.5176848874598070739549839228	644	1244
782641	2851967	0.4823151125401929260450160772	600	1244
5060519	5473130	0.6102362204724409448818897638	1860	3048
5750433	5473130	0.3897637795275590551181102362	1188	3048
636067	1830888	0.4146221786064769381746810599	3380	8152
2221304	1830888	0.0490677134445534838076545633	400	8152
791658	1830888	0.5363101079489695780176643768	4372	8152
3528714	150799566	0.4133333333333333333333333333	155	375
3444650	150799566	0.5866666666666666666666666667	220	375
5773033	24737906	0.0965346534653465346534653465	117	1212
5749002	24737906	0.9034653465346534653465346535	1095	1212
5773033	3505535	0.5307068366164542294322132097	916	1726
5749002	3505535	0.4692931633835457705677867903	810	1726
5583369	3222824	0.8890221955608878224355128974	1482	1667
3642667	3222824	0.1109778044391121775644871026	185	1667
3753587	809458	0.4935732647814910025706940874	384	778
2268018	809458	0.5064267352185089974293059126	394	778
2402068	634796	0.4494860867385309601403860617	1793	3989
5674772	634796	0.5505139132614690398596139383	2196	3989
5251596	7346456	0.6	435	725
5715208	7346456	0.4	290	725
3445360	562835	0.612419700214132762312633833	286	467
2789268	562835	0.387580299785867237687366167	181	467
5531646	10061853	0.0474608448030374940673943996	200	4214
2053521	10061853	0.9525391551969625059326056004	4014	4214
5531646	16838575	0.9130300216651191581553698545	2950	3231
2053521	16838575	0.0869699783348808418446301455	281	3231
3505346	137898421	0.7931354359925788497217068646	855	1078
1896988	137898421	0.2068645640074211502782931354	223	1078
5276927	4271340	0.2846715328467153284671532847	117	411
3501834	4271340	0.7153284671532846715328467153	294	411
1138619	9233441	0.1735849056603773584905660377	138	795
3645237	9233441	0.8264150943396226415094339623	657	795
5662180	11057972	0.7329545454545454545454545455	258	352
3055115	11057972	0.2670454545454545454545454545	94	352
2932313	8966966	0.6222535779076799032453134449	3087	4961
5827971	8966966	0.3777464220923200967546865551	1874	4961
3205303	1151275	0.4262672811059907834101382488	370	868
5328797	1151275	0.5737327188940092165898617512	498	868
3205303	1537036	0.3795881826320501342882721576	2120	5585
5328797	1537036	0.6204118173679498657117278424	3465	5585
2137780	41798127	0.2712477396021699819168173599	150	553
320228	41798127	0.7287522603978300180831826401	403	553
5610345	3231644	0.5449172576832151300236406619	461	846
5382853	3231644	0.4550827423167848699763593381	385	846
5666025	96543331	0.3581227436823104693140794224	496	1385
5147141	96543331	0.6418772563176895306859205776	889	1385
