3420770	125867464	0.5357142857142857142857142857	150	280
2699024	125867464	0.4642857142857142857142857143	130	280
3420770	43621923	0.5416666666666666666666666667	234	432
2699024	43621923	0.4583333333333333333333333333	198	432
3420770	85551	0.0385542168674698795180722892	80	2075
753231	85551	0.9614457831325301204819277108	1995	2075
3441921	1033365	0.6507352941176470588235294118	177	272
2477848	1033365	0.3492647058823529411764705882	95	272
3441921	158610	0.3614215467143495753240947698	1617	4474
5706270	158610	0.0290567724631202503352704515	130	4474
365529	158610	0.0661600357621814930710773357	296	4474
834374	158610	0.0670540902995082700044702727	300	4474
5088150	158610	0.108851139919535091640590076	487	4474
2477848	158610	0.0558784085829235583370585606	250	4474
5694470	158610	0.166964684845775592311130979	747	4474
2560708	158610	0.1446133214126061689763075548	647	4474
3441921	221656	0.2349263964508973583383746723	1165	4959
3781780	221656	0.0516233111514418229481750353	256	4959
2477848	221656	0.0988102440008066142367412785	490	4959
506777	221656	0.1911675741076830006049606776	948	4959
5694470	221656	0.112724339584593668078241581	559	4959
2816282	221656	0.2506553740673522887678967534	1243	4959
367330	221656	0.060092760637225247025610002	298	4959
3441921	381457	0.1846643672061554789068718493	1392	7538
3781780	381457	0.0338286017511276200583709207	255	7538
2010052	381457	0.0208278057840275935261342531	157	7538
5820196	381457	0.373308569912443618997081454	2814	7538
3488845	381457	0.2287078800742902626691430088	1724	7538
5088150	381457	0.0189705492172990183072433006	143	7538
506777	381457	0.0159193420005306447333510215	120	7538
5694470	381457	0.0344919076678163969222605466	260	7538
2560708	381457	0.0371451313345715043778190501	280	7538
5670370	381457	0.0521358450517378615017245954	393	7538
3441921	381464	0.2031029619181946403385049365	432	2127
3562666	381464	0.0916784203102961918194640339	195	2127
824998	381464	0.1673718852844381758345086977	356	2127
2196396	381464	0.1640808650681711330512458862	349	2127
3545208	381464	0.0700517160319699106723084156	149	2127
506777	381464	0.1212976022566995768688293371	258	2127
2560708	381464	0.1165961448048895157498824636	248	2127
5789151	381464	0.0658204043253408556652562294	140	2127
3441921	52561	0.7343663530713890426120641948	1327	1807
3781780	52561	0.1394576646375207526286662977	252	1807
506777	52561	0.099612617598229109020475927	180	1807
3570436	52561	0.0265633646928610957387935805	48	1807
3441921	59956	0.2650948821161587119033927545	461	1739
3781780	59956	0.1144335825186889016676250719	199	1739
5722123	59956	0.0575043128234617596319723979	100	1739
5088150	59956	0.1196089706728004600345025877	208	1739
3500012	59956	0.443358251868890166762507188	771	1739
3441921	6262	0.0873205741626794258373205742	803	9196
3781780	6262	0.2744671596346237494562853415	2524	9196
2010052	6262	0.0538277511961722488038277512	495	9196
5706270	6262	0.3017616354936929099608525446	2775	9196
3545208	6262	0.0912353197042192257503262288	839	9196
2477848	6262	0.1351674641148325358851674641	1243	9196
5789151	6262	0.0562200956937799043062200957	517	9196
5751741	114119	0.0185406698564593301435406699	62	3344
2771730	114119	0.1477272727272727272727272727	494	3344
5832601	114119	0.3582535885167464114832535885	1198	3344
5674598	114119	0.3525717703349282296650717703	1179	3344
753231	114119	0.072069377990430622009569378	241	3344
3134582	114119	0.0508373205741626794258373206	170	3344
2771730	114120	0.1096196868008948545861297539	392	3576
5674598	114120	0.3157158836689038031319910515	1129	3576
508392	114120	0.515939597315436241610738255	1845	3576
3134582	114120	0.0587248322147651006711409396	210	3576
5535024	134881	0.005824790307548928238583411	50	8584
5706270	134881	0.0129310344827586206896551724	111	8584
5787348	134881	0.8046365330848089468779123952	6907	8584
5088150	134881	0.1766076421248835041938490214	1516	8584
5722123	161126	0.1498054474708171206225680934	1771	11822
5706270	161126	0.0915242767721197766875317205	1082	11822
2196396	161126	0.0290137032650989680257147691	343	11822
5275134	161126	0.0336660463542547792251734055	398	11822
5632929	161126	0.1196075114193875824733547623	1414	11822
3537753	161126	0.0521908306547115547284723397	617	11822
3570436	161126	0.1451531043816613094231094569	1716	11822
722567	161126	0.3256640162409067839621045508	3850	11822
3022388	161126	0.0422940280832346472678057858	500	11822
3191548	161126	0.0110810353578074775841651159	131	11822
5170329	182580	0.0094236682868763019541712132	95	10081
3235305	182580	0.6846543001686340640809443508	6902	10081
5088150	182580	0.1300466223588929669675627418	1311	10081
2560708	182580	0.0872929272889594286281122904	880	10081
3570436	182580	0.009522864795159210395794068	96	10081
5670370	182580	0.0790596171014780279734153358	797	10081
5722123	331026	0.2693345323741007194244604317	599	2224
5832601	331026	0.4707733812949640287769784173	1047	2224
2196396	331026	0.1555755395683453237410071942	346	2224
3488845	331026	0.1043165467625899280575539568	232	2224
3562666	33232	0.1471670345842531272994849154	200	1359
824998	33232	0.1258278145695364238410596026	171	1359
3545208	33232	0.062545989698307579102281089	85	1359
5685787	33232	0.0728476821192052980132450331	99	1359
5088150	33232	0.0787343635025754231052244297	107	1359
5670370	33232	0.292126563649742457689477557	397	1359
367330	33232	0.2207505518763796909492273731	300	1359
2771730	381466	0.4536796536796536796536796537	1048	2310
5632929	381466	0.2376623376623376623376623377	549	2310
3134582	381466	0.0636363636363636363636363636	147	2310
3537753	381466	0.1372294372294372294372294372	317	2310
722567	381466	0.1077922077922077922077922078	249	2310
3781780	442049	0.0323483126420702920090924987	185	5719
2645391	442049	0.022556390977443609022556391	129	5719
638412	442049	0.9450952963804860989683511103	5405	5719
5722123	485746	0.1838565022421524663677130045	246	1338
5832601	485746	0.2092675635276532137518684604	280	1338
3191548	485746	0.2115097159940209267563527653	283	1338
3500012	485746	0.3953662182361733931240657698	529	1338
5436446	54599	0.2741212288956545806808746194	4952	18065
5820196	54599	0.0309438140049820094104622198	559	18065
1116702	54599	0.0111264876833656241350678107	201	18065
5832601	54599	0.1580404096318848602269582065	2855	18065
917664	54599	0.0111264876833656241350678107	201	18065
5275134	54599	0.1447550512039856075283697758	2615	18065
3107627	54599	0.0047052311098809853307500692	85	18065
5674598	54599	0.063991143094381400498200941	1156	18065
753231	54599	0.0403542762247439800719623582	729	18065
3134582	54599	0.0793800166066980348740658732	1434	18065
3537753	54599	0.1649045114862994741212288957	2979	18065
367330	54599	0.0165513423747578189869914199	299	18065
5674598	54603	0.6165644171779141104294478528	402	652
722567	54603	0.3834355828220858895705521472	250	652
5722123	72966	0.1506865961842265159800704824	1240	8229
848442	72966	0.0094786729857819905213270142	78	8229
5860010	72966	0.1396281443674808603718556325	1149	8229
5632929	72966	0.2164296998420221169036334913	1781	8229
3488845	72966	0.2119334062462024547332604205	1744	8229
1853534	72966	0.2086523271357394580143395309	1717	8229
506777	72966	0.0631911532385466034755134281	520	8229
5722123	72967	0.0740445859872611464968152866	651	8792
824998	72967	0.0626706096451319381255686988	551	8792
2689714	72967	0.4086669699727024567788898999	3593	8792
1853534	72967	0.3980891719745222929936305732	3500	8792
3500012	72967	0.0565286624203821656050955414	497	8792
5397611	101468	0.0855362131957876638727702557	796	9306
365834	101468	0.0638297872340425531914893617	594	9306
1188479	101468	0.0588867397378035675908016334	548	9306
824427	101468	0.2131957876638727702557489792	1984	9306
3047007	101468	0.0320223511712873415001074576	298	9306
2259309	101468	0.364603481624758220502901354	3393	9306
20283	101468	0.0080593165699548678272082527	75	9306
312865	101468	0.0160111755856436707500537288	149	9306
2799943	101468	0.055770470664087685364281109	519	9306
5302077	101468	0.102084676552761659144637868	950	9306
5397611	105853	0.0759429153924566768603465851	298	3924
5673179	105853	0.0226809378185524974515800204	89	3924
3563064	105853	0.0496941896024464831804281346	195	3924
834374	105853	0.1271661569826707441386340469	499	3924
508392	105853	0.1903669724770642201834862385	747	3924
1189507	105853	0.0688073394495412844036697248	270	3924
3570436	105853	0.0239551478083588175331294597	94	3924
2799943	105853	0.2122833843017329255861365953	833	3924
5302077	105853	0.2291029561671763506625891947	899	3924
2673059	139482	0.2658643326039387308533916849	243	914
665718	139482	0.7341356673960612691466083151	671	914
5397611	153344	0.0369955754571139186523801908	694	18759
824427	153344	0.1416919878458339996801535263	2658	18759
3469682	153344	0.1031504877658723812569966416	1935	18759
663723	153344	0.198571352417506263660109814	3725	18759
422845	153344	0.1847646463031078415693800309	3466	18759
1189507	153344	0.0988858681166373474065781758	1855	18759
3570436	153344	0.0025587717895410203102510795	48	18759
3780655	153344	0.0430193507116584039660962738	807	18759
2799943	153344	0.1335892105122874353643584413	2506	18759
5302077	153344	0.056772749080441388133695826	1065	18759
5397611	170423	0.2075538298623367454994705259	588	2833
824427	170423	0.4154606424285210024708789269	1177	2833
834374	170423	0.1143663960465937169078715143	324	2833
2799943	170423	0.1461348393928697493822802683	414	2833
5302077	170423	0.1164842922696787857394987646	330	2833
5397611	239099	0.3984063745019920318725099602	300	753
1188479	239099	0.5272244355909694555112881806	397	753
3009888	239099	0.0743691899070385126162018592	56	753
5397611	254797	0.2905733722060252672497570457	299	1029
2595541	254797	0.0777453838678328474246841594	80	1029
834374	254797	0.5753158406219630709426627794	592	1029
3570436	254797	0.0563654033041788143828960155	58	1029
5397611	413821	0.2941176470588235294117647059	200	680
2259309	413821	0.1352941176470588235294117647	92	680
3469682	413821	0.5705882352941176470588235294	388	680
5397611	413960	0.079914028917545916373583431	409	5118
824427	413960	0.2291910902696365767878077374	1173	5118
2673059	413960	0.1330597889800703399765533411	681	5118
380880	413960	0.0527549824150058616647127784	270	5118
3469682	413960	0.0844079718640093786635404455	432	5118
365529	413960	0.0666275889019148104728409535	341	5118
884154	413960	0.0142633841344275107463853068	73	5118
2799943	413960	0.2883939038686987104337631887	1476	5118
5302077	413960	0.0513872606486908948808128175	263	5118
5397611	417827	0.1207280832095096582466567608	975	8076
2673059	417827	0.1103268945022288261515601783	891	8076
2259309	417827	0.2171867261020307082714214958	1754	8076
3469682	417827	0.2731550272412085190688459633	2206	8076
312865	417827	0.1232045567112431896978702328	995	8076
1189507	417827	0.0750371471025260029717682021	606	8076
2799943	417827	0.0803615651312530955918771669	649	8076
5397611	471429	0.5	300	600
3469682	471429	0.5	300	600
5397611	546032	0.0551181102362204724409448819	518	9398
2673059	546032	0.0690572462226005533092147265	649	9398
665718	546032	0.0690572462226005533092147265	649	9398
2259309	546032	0.2444137050436263034688231539	2297	9398
3469682	546032	0.0325601191742924026388593318	306	9398
1294124	546032	0.0319216854649925516067248351	300	9398
2072009	546032	0.2094062566503511385401149181	1968	9398
5302077	546032	0.2884656309853160246861034263	2711	9398
2673059	593193	0.5110375275938189845474613687	1389	2718
2566479	593193	0.0187637969094922737306843267	51	2718
5302077	593193	0.4701986754966887417218543046	1278	2718
5397611	75423	0.1263953907093986316168527188	351	2777
2566479	75423	0.0216060496939142960028808066	60	2777
665718	75423	0.1613251710478934101548433561	448	2777
834374	75423	0.1620453727043572200216060497	450	2777
1189507	75423	0.179330212459488656823910695	498	2777
2072009	75423	0.3492978033849477853799063738	970	2777
5748641	161133	0.0492957746478873239436619718	301	6106
3789436	161133	0.0401244677366524729773992794	245	6106
3080156	161133	0.2600720602685882738290206354	1588	6106
5513166	161133	0.0167048804454634785456927612	102	6106
5752602	161133	0.0271863740583033082214215526	166	6106
901498	161133	0.2281362594169669177857844743	1393	6106
842840	161133	0.2263347527022600720602685883	1382	6106
2943856	161133	0.152145430723878152636750737	929	6106
1200456	18833	0.3636033418089357065019978206	1001	2753
5088150	18833	0.6363966581910642934980021794	1752	2753
5722123	576443	0.3087621696801112656467315716	444	1438
3842830	576443	0.6912378303198887343532684284	994	1438
553337	54991	0.5122354000900765650803182705	6824	13322
694331	54991	0.2501876595105839963969373968	3333	13322
5765107	54991	0.0102086773757694039933943852	136	13322
3875859	54991	0.156132712805885002251914127	2080	13322
577584	54991	0.0373067107040984837111544813	497	13322
5862364	54991	0.0339288395135865485662813391	452	13322
553337	86781	0.090011200488748599938906425	1768	19642
5765107	86781	0.1644435393544445575806944303	3230	19642
577584	86781	0.0064657366866917829141635271	127	19642
5862364	86781	0.016546176560431727929946034	325	19642
1379455	86781	0.2213623867223297016597087873	4348	19642
735427	86781	0.5011709601873536299765807963	9844	19642
5573990	351196	0.9125219426565242832065535401	3119	3418
3837454	351196	0.0874780573434757167934464599	299	3418
5535954	111209	0.1824315722469764481222151496	1433	7855
5515485	111209	0.5318905155951623169955442393	4178	7855
710739	111209	0.2477402928071292170591979631	1946	7855
1223283	111209	0.037937619350732017823042648	298	7855
5535954	2616740	0.6242138364779874213836477987	397	636
5096657	2616740	0.3757861635220125786163522013	239	636
5535954	537148	0.1486175115207373271889400922	258	1736
5842352	537148	0.3467741935483870967741935484	602	1736
5771242	537148	0.4544930875576036866359447005	789	1736
681996	537148	0.050115207373271889400921659	87	1736
5535954	60287	0.2157953281423804226918798665	194	899
5771242	60287	0.6640711902113459399332591769	597	899
681996	60287	0.1201334816462736373748609566	108	899
5535954	98413	0.049160079051383399209486166	199	4048
710739	98413	0.4249011857707509881422924901	1720	4048
1223283	98413	0.5259387351778656126482213439	2129	4048
5535954	98541	0.227871010200723922342875946	2770	12156
5842352	98541	0.2415268180322474498190194143	2936	12156
5771242	98541	0.016452780519907864429088516	200	12156
2243335	98541	0.0853899308983218163869693978	1038	12156
681996	98541	0.3890259953932214544257979599	4729	12156
5096657	98541	0.039733464955577492596248766	483	12156
5615487	33724	0.0302611101504409476050492824	350	11566
5787348	33724	0.0613868234480373508559571157	710	11566
5829187	33724	0.2204738025246411896939304859	2550	11566
540838	33724	0.0770361404115510980459968874	891	11566
2228336	33724	0.2744250389071416219955040636	3174	11566
696893	33724	0.336417084558187791803562165	3891	11566
365834	9747737	0.4704142011834319526627218935	318	676
312865	9747737	0.5295857988165680473372781065	358	676
5676670	104551	0.0307771487390633041688111168	598	19430
834677	104551	0.2740092640247040658775090067	5324	19430
296488	104551	0.6952135872362326299536798765	13508	19430
5676670	38397	0.2052462676154597460583228687	1471	7167
5419521	38397	0.6878749825589507464769080508	4930	7167
3870268	38397	0.1068787498255895074647690805	766	7167
1926183	175137	0.0755280853087006724173062555	3336	44169
5175703	175137	0.0310398695917951504448821572	1371	44169
3160813	175137	0.0379904457877697027326858204	1678	44169
544993	175137	0.0047091851751228236998800063	208	44169
5630738	175137	0.1099640019017863207226788019	4857	44169
5086565	175137	0.0316964386787113133645769657	1400	44169
2997779	175137	0.0089429237700649776992913582	395	44169
5419649	175137	0.43089044352373836853902058	19032	44169
3057207	175137	0.0177273653467363988317598316	783	44169
5790963	175137	0.0884557042269465009395730037	3907	44169
1088810	175137	0.0883877832869206909823631959	3904	44169
450469	175137	0.0153501324458330503294165591	678	44169
3711896	175137	0.0250628268695238742104190722	1107	44169
5488703	175137	0.0100070184971360003622450135	442	44169
5630105	175137	0.0042790192216260273042178904	189	44169
2578495	175137	0.0199687563675881274196834884	882	44169
1926183	20014	0.0276696044271367083418733347	405	14637
5175703	20014	0.0915488146478103436496549839	1340	14637
5630738	20014	0.060599849695975951356152217	887	14637
5267282	20014	0.0406504065040650406504065041	595	14637
2997779	20014	0.061009769761563161850105896	893	14637
5686319	20014	0.0691398510623761699801871968	1012	14637
3505211	20014	0.0379176060668169706907153105	555	14637
2129909	20014	0.0633326501332240213158434105	927	14637
1088810	20014	0.3105144496823119491699118672	4545	14637
2578495	20014	0.2376169980187196829951492792	3478	14637
1926183	20042	0.1220870856930647107975118373	1315	10771
5175703	20042	0.0429857951907900844861201374	463	10771
1803335	20042	0.3590195896388450468851545817	3867	10771
2795234	20042	0.0045492526227833998700213536	49	10771
5267282	20042	0.0193111131742642280196824807	208	10771
2997779	20042	0.0162473307956549995357905487	175	10771
5686319	20042	0.0078915606721752854888125522	85	10771
5790963	20042	0.0524556679974004270726952001	565	10771
1088810	20042	0.1028688144090613684894624455	1108	10771
3711896	20042	0.1505895460031566242688701142	1622	10771
2578495	20042	0.1219942438028038250858787485	1314	10771
5175703	227474	0.2610253583241455347298787211	1894	7256
5630738	227474	0.2850055126791620727673649394	2068	7256
5086565	227474	0.0740077177508269018743109151	537	7256
918211	227474	0.0341786108048511576626240353	248	7256
2997779	227474	0.0241179713340683572216097023	175	7256
3505211	227474	0.2181642778390297684674751929	1583	7256
5790963	227474	0.0303197353914002205071664829	220	7256
3711896	227474	0.073180815876515986769570011	531	7256
1926183	569618	0.1741112123974475843208751139	573	3291
5178904	569618	0.4892130051656031601336979641	1610	3291
1088810	569618	0.3366757824369492555454269219	1108	3291
5178904	701149	0.4693611473272490221642764016	360	767
2578495	701149	0.5306388526727509778357235984	407	767
5424988	1189858	0.5771349862258953168044077135	419	726
5178904	1189858	0.4228650137741046831955922865	307	726
5630738	189261	0.1413760603204524033930254477	300	2122
3436700	189261	0.5032987747408105560791705938	1068	2122
1088810	189261	0.1903864278982092365692742696	404	2122
2578495	189261	0.164938737040527803958529689	350	2122
5175703	189367	0.6291850915982312065698041693	996	1583
1088810	189367	0.2590018951358180669614655717	410	1583
2578495	189367	0.111813013265950726468730259	177	1583
5175703	19994	0.0812852999542054648145321325	1065	13102
5424988	19994	0.0312929323767363761257823233	410	13102
5686319	19994	0.3130056479926728743703251412	4101	13102
2466302	19994	0.0506792856052511067012669821	664	13102
2129909	19994	0.0192337047778965043504808426	252	13102
1088810	19994	0.1341016638681117386658525416	1757	13102
450469	19994	0.1737902610288505571668447565	2277	13102
5330341	19994	0.1966112043962753778049152801	2576	13102
5086565	342958	0.484251968503937007874015748	492	1016
5267282	342958	0.2047244094488188976377952756	208	1016
1088810	342958	0.3110236220472440944881889764	316	1016
5790963	50451	0.6333333333333333333333333333	570	900
1088810	50451	0.3666666666666666666666666667	330	900
5175703	55016	0.2934636586834669013758280447	6335	21587
5630738	55016	0.165516282948070598045119748	3573	21587
5086565	55016	0.026868022420901468476397832	580	21587
5619601	55016	0.0113957474405892435261963219	246	21587
5267282	55016	0.0092648353175522305091027007	200	21587
2997779	55016	0.0318710334923796729513132904	688	21587
5686319	55016	0.0208458794644925186454810766	450	21587
1088810	55016	0.0720340945939685922082734979	1555	21587
2461862	55016	0.1865474591189141613007828786	4027	21587
450469	55016	0.0611479130958447213600778246	1320	21587
5330341	55016	0.0277945059526566915273081021	600	21587
5488703	55016	0.0040302033631352202714596748	87	21587
5630105	55016	0.0092648353175522305091027007	200	21587
5794551	55016	0.079955528790475749293556307	1726	21587
5330341	55025	0.564334085778781038374717833	500	886
2943856	55025	0.435665914221218961625282167	386	886
3436700	57469	0.367701404286770140428677014	995	2706
5814417	57469	0.1134515890613451589061345159	307	2706
1088810	57469	0.3008130081300813008130081301	814	2706
3564751	57469	0.1781226903178122690317812269	482	2706
5488703	57469	0.0399113082039911308203991131	108	2706
5086565	721005	0.1565217391304347826086956522	450	2875
5790963	721005	0.2935652173913043478260869565	844	2875
3670827	721005	0.1043478260869565217391304348	300	2875
2461862	721005	0.3057391304347826086956521739	879	2875
3711896	721005	0.1398260869565217391304347826	402	2875
5702518	169100	0.6442178179719068693477005965	3348	5197
5386726	169100	0.0482970944775832210890898595	251	5197
5829187	169100	0.2728497209928805079853761786	1418	5197
3780655	169100	0.0346353665576294015778333654	180	5197
2704585	131766	0.1828254847645429362880886427	198	1083
2818406	131766	0.8171745152354570637119113573	885	1083
2704585	46884	0.6182045779685264663805436338	3457	5592
2818406	46884	0.3817954220314735336194563662	2135	5592
3160813	136526	0.665730337078651685393258427	237	356
3418362	136526	0.334269662921348314606741573	119	356
3160813	136553	0.6086956521739130434782608696	280	460
5814417	136553	0.3913043478260869565217391304	180	460
3160813	137372	0.1677495569994093325457767277	284	1693
5790963	137372	0.8322504430005906674542232723	1409	1693
3160813	15968566	0.3150105708245243128964059197	149	473
3436700	15968566	0.6849894291754756871035940803	324	473
3436700	227459	0.1341752170481452249408050513	170	1267
3505211	227459	0.4727703235990528808208366219	599	1267
3711896	227459	0.3930544593528018942383583268	498	1267
3160813	439338	0.2141823444283646888567293777	148	691
2997779	439338	0.2575976845151953690303907381	178	691
5248520	439338	0.5282199710564399421128798842	365	691
2997779	1485705	0.1105216622458001768346595933	125	1131
5419649	1485705	0.8894783377541998231653404067	1006	1131
544993	20021	0.4532775453277545327754532775	975	2151
5419649	20021	0.2031613203161320316132031613	437	2151
5686319	20021	0.09298000929800092980009298	200	2151
3418362	20021	0.09298000929800092980009298	200	2151
2578495	20021	0.1576011157601115760111576011	339	2151
5614920	20030	0.1082312731415551125035602392	380	3511
1088810	20030	0.0999715180860153802335516947	351	3511
5330341	20030	0.1802905155226431216177727143	633	3511
2578495	20030	0.6115066932497863856451153518	2147	3511
5614920	293035	0.0393103448275862068965517241	342	8700
2257747	293035	0.0459770114942528735632183908	400	8700
1345137	293035	0.2271264367816091954022988506	1976	8700
1128887	293035	0.1093103448275862068965517241	951	8700
2356904	293035	0.009770114942528735632183908	85	8700
3853118	293035	0.5685057471264367816091954023	4946	8700
1803335	645665	0.0967777593544464710108881888	1751	18093
2908454	645665	0.2913834079478251257392361687	5272	18093
5630738	645665	0.1430387442657381307688056154	2588	18093
5614920	645665	0.0216105676228375614878682363	391	18093
2795234	645665	0.0325540264190570939037196706	589	18093
5825155	645665	0.1356325650804178411540374731	2454	18093
5419649	645665	0.0295141767534405571215387166	534	18093
5359696	645665	0.1556955728734869839164317692	2817	18093
5794551	645665	0.0937931796827502348974741613	1697	18093
1803335	704673	0.5418454935622317596566523605	505	932
5419649	704673	0.4581545064377682403433476395	427	932
5419649	831183	0.3343419062027231467473524962	442	1322
2129909	831183	0.301059001512859304084720121	398	1322
5178904	831183	0.2511346444780635400907715582	332	1322
2461862	831183	0.1134644478063540090771558245	150	1322
1803335	831184	0.7455485353245261344055140724	3894	5223
5630738	831184	0.13383113153360137851809305	699	5223
2795234	831184	0.0093815814665900823281638905	49	5223
5267282	831184	0.0386750909439019720467164465	202	5223
2578495	831184	0.0725636607313804327015125407	379	5223
5419649	953431	0.4499484004127966976264189886	436	969
2578495	953431	0.5500515995872033023735810114	533	969
5748641	24254	0.361881785283474065138721351	300	829
3080156	24254	0.638118214716525934861278649	529	829
2771730	381465	0.0413885180240320427236315087	217	5243
5832601	381465	0.1325576959755864962807552928	695	5243
917664	381465	0.0413885180240320427236315087	217	5243
5275134	381465	0.1760442494754911310318519931	923	5243
3134582	381465	0.0965096318901392332633988175	506	5243
2816282	381465	0.4550829677665458706847224871	2386	5243
5647494	381465	0.0570284188441731832920083921	299	5243
5770671	363754	0.4254807692307692307692307692	177	416
3863979	363754	0.5745192307692307692307692308	239	416
5770671	483928	0.8492392807745504840940525588	614	723
3863979	483928	0.1507607192254495159059474412	109	723
5770671	53487	0.3915966386554621848739495798	233	595
5762673	53487	0.4201680672268907563025210084	250	595
3863979	53487	0.1882352941176470588235294118	112	595
5770671	93756	0.1790421661597184946621339536	3002	16767
834677	93756	0.7505218584123576072046281386	12584	16767
5762673	93756	0.0704359754279238981332379078	1181	16767
834677	30937	0.4513343799058084772370486656	575	1274
2654260	30937	0.5486656200941915227629513344	699	1274
834677	38453	0.1202372393961179007907979871	669	5564
844535	38453	0.5618260244428468727534148095	3126	5564
442809	38453	0.2456865564342199856218547807	1367	5564
5420435	38453	0.0722501797268152408339324227	402	5564
3450183	161125	0.0089004833883219519680810251	116	13033
920770	161125	0.0198726310135809099976981508	259	13033
913985	161125	0.019795902708509169032456073	258	13033
3823507	161125	0.0107419627100437351338908924	140	13033
917664	161125	0.0177242384715721629709199724	231	13033
3730304	161125	0.2743804189365456917056702217	3576	13033
3537753	161125	0.1594414179390777257730376736	2078	13033
3570436	161125	0.1467812476022404665080948362	1913	13033
722567	161125	0.3423616972301081869101511548	4462	13033
3450183	245347	0.0687285223367697594501718213	140	2037
913985	245347	0.5017182130584192439862542955	1022	2037
365529	245347	0.3186057928325969563082965145	649	2037
3730304	245347	0.0687285223367697594501718213	140	2037
3570436	245347	0.0422189494354442808051055474	86	2037
1188479	442908	0.6402877697841726618705035971	267	417
2127081	442908	0.3597122302158273381294964029	150	417
1188479	531200	0.2251968503937007874015748031	143	635
722567	531200	0.7748031496062992125984251969	492	635
1188479	546025	0.3150018705574261129816685372	1684	5346
3469682	546025	0.1154133931911709689487467265	617	5346
312865	546025	0.091844369622147399925177703	491	5346
1189507	546025	0.1011971567527123082678638234	541	5346
2072009	546025	0.3765432098765432098765432099	2013	5346
1188479	547110	0.0578012844729882886286361919	153	2647
913985	547110	0.1919153758972421609369097091	508	2647
5110658	547110	0.1919153758972421609369097091	508	2647
2328676	547110	0.5583679637325273894975443899	1478	2647
1188479	72977	0.4266954787234042553191489362	2567	6016
824427	72977	0.2091090425531914893617021277	1258	6016
312865	72977	0.0295877659574468085106382979	178	6016
363098	72977	0.1865026595744680851063829787	1122	6016
5302077	72977	0.1481050531914893617021276596	891	6016
913985	789217	0.1326164874551971326164874552	259	1953
2654260	789217	0.1274961597542242703533026114	249	1953
3730304	789217	0.3824884792626728110599078341	747	1953
2328676	789217	0.3573988735279057859703020993	698	1953
5678008	2729637	0.5880535530381050463439752832	571	971
2339498	2729637	0.4119464469618949536560247168	400	971
5678008	72997	0.1765589782118707738542449286	235	1331
694331	72997	0.225394440270473328324567994	300	1331
2339498	72997	0.5980465815176558978211870774	796	1331
5678008	73596	0.0487009457549733666702902489	448	9199
694331	73596	0.0263072073051418632460050005	242	9199
469888	73596	0.3387324709207522556799652136	3116	9199
2339498	73596	0.5862593760191325144037395369	5393	9199
2638800	24253	0.028957528957528957528957529	135	4662
5661145	24253	0.1284856284856284856284856285	599	4662
3628725	24253	0.2110682110682110682110682111	984	4662
3789436	24253	0.0885885885885885885885885886	413	4662
5434854	24253	0.0223080223080223080223080223	104	4662
901498	24253	0.0497640497640497640497640498	232	4662
842840	24253	0.38996138996138996138996139	1818	4662
2943856	24253	0.0808665808665808665808665809	377	4662
2638800	24276	0.0626388271879164815637494447	141	2251
5661145	24276	0.1328298533984895601954686806	299	2251
918211	24276	0.1963571745890715237672145713	442	2251
5434854	24276	0.0888494002665482007996446024	200	2251
842840	24276	0.1785872945357618836072856508	402	2251
631010	24276	0.3407374500222123500666370502	767	2251
3628725	24278	0.3339483394833948339483394834	543	1626
3789436	24278	0.1420664206642066420664206642	231	1626
3080156	24278	0.239852398523985239852398524	390	1626
842840	24278	0.2841328413284132841328413284	462	1626
748909	56362	0.1066509248327430145611963794	542	5082
5673179	56362	0.1562377016922471467926013381	794	5082
2127081	56362	0.0629673356946084218811491539	320	5082
628109	56362	0.0627705627705627705627705628	319	5082
909615	56362	0.6113734750098386462022825659	3107	5082
824427	411919	0.2870874719641140660044857417	896	3121
2673059	411919	0.2758731175905158603011855175	861	3121
5673179	411919	0.0253123998718359500160205062	79	3121
2799943	411919	0.4117270105735341236783082345	1285	3121
824427	57721	0.5045232400956639284600187169	4852	9617
3562666	57721	0.0241239471768742851200998232	232	9617
2595541	57721	0.1442237704065716959550795466	1387	9617
3469682	57721	0.1126130810023915982115004679	1083	9617
365529	57721	0.1051263387750857855880212124	1011	9617
884154	57721	0.0501195799105750233960694603	482	9617
3022388	57721	0.0291151086617448268690859936	280	9617
5302077	57721	0.030154933971092856400124779	290	9617
380880	57746	0.0928074245939675174013921114	200	2155
2595541	57746	0.0426914153132250580046403712	92	2155
365529	57746	0.0872389791183294663573085847	188	2155
479695	57746	0.2719257540603248259860788863	586	2155
834374	57746	0.5053364269141531322505800464	1089	2155
954117	381437	0.0997513125172699640784747168	361	3619
753231	381437	0.9002486874827300359215252832	3258	3619
954117	7775259	0.6202531645569620253164556962	196	316
753231	7775259	0.3797468354430379746835443038	120	316
2908454	2699497	0.2215331183329198709997519226	1786	8062
5294731	2699497	0.0527164475316298685189779211	425	8062
5790963	2699497	0.0344827586206896551724137931	278	8062
1088810	2699497	0.2338129496402877697841726619	1885	8062
3670827	2699497	0.0738030265442818159265690896	595	8062
5511824	2699497	0.2568841478541304887124782932	2071	8062
5756087	2699497	0.1267675514760605308856363185	1022	8062
2908454	491929	0.3074265975820379965457685665	356	1158
5790963	491929	0.2426597582037996545768566494	281	1158
1088810	491929	0.2504317789291882556131260794	290	1158
5474619	491929	0.1994818652849740932642487047	231	1158
2619889	20034	0.4446494464944649446494464945	2410	5420
5619601	20034	0.0276752767527675276752767528	150	5420
5424988	20034	0.0588560885608856088560885609	319	5420
794056	20034	0.1806273062730627306273062731	979	5420
5696039	20034	0.0249077490774907749077490775	135	5420
631010	20034	0.2632841328413284132841328413	1427	5420
1088810	293037	0.1480333730631704410011918951	621	4195
794056	293037	0.8519666269368295589988081049	3574	4195
5821701	362104	0.3346007604562737642585551331	176	526
1088810	362104	0.6653992395437262357414448669	350	526
2619889	465610	0.2201175702155453951665578054	337	1531
3853118	465610	0.7798824297844546048334421946	1194	1531
893021	1115705	0.0912200684150513112884834664	80	877
5787348	1115705	0.9087799315849486887115165336	797	877
893021	209923	0.6278363694471077021412591882	3929	6258
5386726	209923	0.0399488654522211569191434963	250	6258
5787348	209923	0.1872802812400127836369447108	1172	6258
5829187	209923	0.0851709811441355065516139342	533	6258
540838	209923	0.0597635027165228507510386705	374	6258
2795234	314091	0.1264822134387351778656126482	96	759
5794551	314091	0.8735177865612648221343873518	663	759
544993	55024	0.5647321428571428571428571429	253	448
5686319	55024	0.1316964285714285714285714286	59	448
5696039	55024	0.3035714285714285714285714286	136	448
544993	628676	0.1630695443645083932853717026	68	417
3436700	628676	0.8369304556354916067146282974	349	417
1088810	494745	0.1492295214922952149229521492	184	1233
5474619	494745	0.8507704785077047850770478508	1049	1233
5086565	526955	0.0790775614427066709224385573	991	12532
5294731	526955	0.0249760612831152250239387169	313	12532
5178904	526955	0.0950367060325566549632939674	1191	12532
1088810	526955	0.1697255027130545802744972869	2127	12532
5511824	526955	0.2413820619214810086179380785	3025	12532
2578495	526955	0.0347909352058729652090647941	436	12532
5756087	526955	0.3550111714012128949888285988	4449	12532
5267282	634769	0.1013655462184873949579831933	193	1904
3505211	634769	0.2090336134453781512605042017	398	1904
1088810	634769	0.4191176470588235294117647059	798	1904
3711896	634769	0.2704831932773109243697478992	515	1904
468413	136363	0.1932800751879699248120300752	4113	21280
743967	136363	0.3878759398496240601503759398	8254	21280
5120829	136363	0.1503289473684210526315789474	3199	21280
2198468	136363	0.0226033834586466165413533835	481	21280
5336636	136363	0.215037593984962406015037594	4576	21280
2228336	136363	0.0308740601503759398496240602	657	21280
743967	73127	0.121588693957115009746588694	499	4104
1118517	73127	0.6842105263157894736842105263	2808	4104
2339498	73127	0.1942007797270955165692007797	797	4104
694331	294732	0.637119113573407202216066482	230	361
735427	294732	0.362880886426592797783933518	131	361
694331	56497	0.4599689509869150587713461965	2074	4509
5765107	56497	0.1312929696163229097360833888	592	4509
577584	56497	0.0210689731647815480150809492	95	4509
5091927	56497	0.0935905965846085606564648481	422	4509
735427	56497	0.2940785096473719228210246174	1326	4509
5614920	68638820	0.1537688442211055276381909548	306	1990
5359696	68638820	0.582914572864321608040201005	1160	1990
2578495	68638820	0.2633165829145728643216080402	524	1990
280479	54632	0.4189184716046385894451125994	37967	90631
384666	54632	0.117950811532477849742361885	10690	90631
3433914	54632	0.0148072955169864615859915481	1342	90631
1305382	54632	0.008584259249042821992474981	778	90631
5473762	54632	0.0182829274751464730610938862	1657	90631
3702193	54632	0.0270657942646555814235747151	2453	90631
945505	54632	0.1028125034480475775396939237	9318	90631
3837454	54632	0.0384636603369707936577992078	3486	90631
1213465	54632	0.0065981838443799582924165021	598	90631
5490158	54632	0.0328254129381778861537443038	2975	90631
3272295	54632	0.0710132294689455042976465006	6436	90631
5586172	54632	0.0828634793834339243746620913	7510	90631
2461706	54632	0.0598139709370965784334278558	5421	90631
3527302	213843748	0.7935779816513761467889908257	692	872
5359696	213843748	0.2064220183486238532110091743	180	872
5751741	224995130	0.5104166666666666666666666667	98	192
2876353	224995130	0.4895833333333333333333333333	94	192
2257747	494939	0.869986168741355463347164592	629	723
5619601	494939	0.130013831258644536652835408	94	723
2257747	673596	0.2246808510638297872340425532	264	1175
631010	673596	0.7753191489361702127659574468	911	1175
1345137	831188	0.2661290322580645161290322581	594	2232
794056	831188	0.2867383512544802867383512545	640	2232
3853118	831188	0.4471326164874551971326164875	998	2232
920770	161152	0.0980521624298448332783096732	297	3029
5058171	161152	0.0924397490921096071310663585	280	3029
5632929	161152	0.3796632551997358864311654011	1150	3029
3537753	161152	0.1155496863651370089138329482	350	3029
3570436	161152	0.1251238032353912182238362496	379	3029
722567	161152	0.1158798283261802575107296137	351	3029
3500012	161152	0.0732915153516011885110597557	222	3029
3450183	212684	0.1169749727965179542981501632	1075	9190
3862425	212684	0.4997823721436343852013057671	4593	9190
5301978	212684	0.0106637649619151251360174102	98	9190
3570436	212684	0.2030467899891186071817192601	1866	9190
3191548	212684	0.0265505984766050054406964091	244	9190
5647494	212684	0.1429815016322089227421109902	1314	9190
3450183	47837	0.3840579710144927536231884058	106	276
3823507	47837	0.6159420289855072463768115942	170	276
3450183	54040	0.6084262701363073110285006196	4910	8070
365529	54040	0.2033457249070631970260223048	1641	8070
2654260	54040	0.0247831474597273853779429988	200	8070
3730304	54040	0.1634448574969021065675340768	1319	8070
3562666	381441	0.3035294117647058823529411765	129	425
5674598	381441	0.6964705882352941176470588235	296	425
5722123	221988	0.8053293856402664692820133235	1088	1351
5301978	221988	0.0888230940044411547002220577	120	1351
3823507	221988	0.1058475203552923760177646188	143	1351
5722123	719707	0.1918976545842217484008528785	450	2345
5058171	719707	0.3202558635394456289978678038	751	2345
3842830	719707	0.3398720682302771855010660981	797	2345
2196396	719707	0.1479744136460554371002132196	347	2345
3842830	940188	0.1787003610108303249097472924	297	1662
2196396	940188	0.4187725631768953068592057762	696	1662
5632929	940188	0.4025270758122743682310469314	669	1662
3871448	138598948	0.6192307692307692307692307692	322	520
3563064	138598948	0.3807692307692307692307692308	198	520
3871448	161128	0.1206344974673420421221007731	1810	15004
920770	161128	0.0331245001332977872567315383	497	15004
5706270	161128	0.0188616368968275126632897894	283	15004
508392	161128	0.0997733937616635563849640096	1497	15004
3537753	161128	0.0912423353772327379365502533	1369	15004
3570436	161128	0.165155958411090375899760064	2478	15004
722567	161128	0.3129832044788056518261796854	4696	15004
5670370	161128	0.158224473473740335910423887	2374	15004
3871448	61984	0.7392197125256673511293634497	360	487
3022388	61984	0.2607802874743326488706365503	127	487
920770	161124	0.5096418732782369146005509642	740	1452
3730304	161124	0.4077134986225895316804407713	592	1452
3570436	161124	0.0826446280991735537190082645	120	1452
3537753	161129	0.9102803738317757009345794393	487	535
889110	161129	0.0897196261682242990654205607	48	535
5706270	161143	0.393203883495145631067961165	162	412
3537753	161143	0.606796116504854368932038835	250	412
1108585	484848	0.1691542288557213930348258706	68	402
1088810	484848	0.8308457711442786069651741294	334	402
840086	125353	0.0149467894296305153652995337	125	8363
5747900	125353	0.5947626449838574674159990434	4974	8363
5562985	125353	0.3337319143847901470764079876	2791	8363
710739	125353	0.0565586512017218701422934354	473	8363
840086	475558	0.1147172236503856041131105398	357	3112
2910190	475558	0.4614395886889460154241645244	1436	3112
5562985	475558	0.0706940874035989717223650386	220	3112
5320975	475558	0.0562339331619537275064267352	175	3112
710739	475558	0.296915167095115681233933162	924	3112
3433914	3465745	0.4448598130841121495327102804	238	535
5119696	3465745	0.5551401869158878504672897196	297	535
3433914	887112	0.126601742696053305996924654	247	1951
1305382	887112	0.3598154792414146591491542799	702	1951
3702193	887112	0.3116350589441312147616606868	608	1951
5490158	887112	0.2019477191184008200922603793	394	1951
1088810	293036	0.5939334637964774951076320939	1214	2044
2578495	293036	0.4060665362035225048923679061	830	2044
5086565	326546	0.6338028169014084507042253521	495	781
1088810	326546	0.3661971830985915492957746479	286	781
5178904	701150	0.4423791821561338289962825279	357	807
1088810	701150	0.5576208178438661710037174721	450	807
752536	572167	0.314822546972860125260960334	754	2395
506777	572167	0.2329853862212943632567849687	558	2395
5387033	572167	0.4521920668058455114822546973	1083	2395
2818406	46885	0.7531645569620253164556962025	2380	3160
2654260	46885	0.1547468354430379746835443038	489	3160
296488	46885	0.0920886075949367088607594937	291	3160
2645391	42910	0.29872919276892786826561661	3338	11174
638412	42910	0.70127080723107213173438339	7836	11174
2645391	62994	0.0783591901130686300289245333	596	7606
638412	62994	0.9216408098869313699710754667	7010	7606
5424988	13771	0.0973305954825462012320328542	474	4870
1345137	13771	0.1367556468172484599589322382	666	4870
5458018	13771	0.0474332648870636550308008214	231	4870
2980086	13771	0.275359342915811088295687885	1341	4870
1128887	13771	0.1435318275154004106776180698	699	4870
3853118	13771	0.2995893223819301848049281314	1459	4870
1345137	178425	0.2848586017282010997643362137	2901	10184
5631302	178425	0.0563629222309505106048703849	574	10184
5458018	178425	0.0889630793401413982717989002	906	10184
2980086	178425	0.2812254516889238020424194815	2864	10184
3868096	178425	0.0793401413982717989002356638	808	10184
1128887	178425	0.0972113118617439120188531029	990	10184
5758198	178425	0.0225844461901021209740769835	230	10184
3853118	178425	0.0894540455616653574234092694	911	10184
1345137	50476	0.0855733413872948756669686902	850	9933
2980086	50476	0.4408537199234873653478304641	4379	9933
3868096	50476	0.0824524312896405919661733615	819	9933
1128887	50476	0.0825531058089197624081345012	820	9933
5758198	50476	0.1635960938286519681868519078	1625	9933
3853118	50476	0.1449713077620054364240410752	1440	9933
824998	56088	0.3581176984386941805874003712	3280	9159
5632929	56088	0.0596134949230265312807075008	546	9159
5742361	56088	0.3335516977836008297849110165	3055	9159
3545208	56088	0.0218364450267496451577683153	200	9159
844233	56088	0.1185718964952505732066819522	1086	9159
5305588	56088	0.0218364450267496451577683153	200	9159
3500012	56088	0.0864723223059285948247625287	792	9159
5842352	489869	0.87758945386064030131826742	932	1062
5096657	489869	0.12241054613935969868173258	130	1062
665718	471426	0.3642987249544626593806921676	200	549
2799943	471426	0.6357012750455373406193078324	349	549
913985	445371	0.3070506454816285998013902681	1546	5035
3742448	445371	0.291956305858987090367428004	1470	5035
3730304	445371	0.1461767626613704071499503476	736	5035
5110658	445371	0.2548162859980139026812313803	1283	5035
5275134	54601	0.3645015465143944801332381632	1532	4203
5251767	54601	0.3516535807756364501546514394	1478	4203
3134582	54601	0.2838448727099690697121103973	1193	4203
3664864	6386712	0.6915662650602409638554216867	287	415
3134582	6386712	0.3084337349397590361445783133	128	415
3823507	235192	0.3344827586206896551724137931	97	290
5632929	235192	0.6655172413793103448275862069	193	290
844535	181630	0.9306141584622597280825128926	11910	12798
442809	181630	0.0693858415377402719174871074	888	12798
2689714	114954	0.3116232464929859719438877756	311	998
945505	114954	0.3486973947895791583166332665	348	998
1853534	114954	0.3396793587174348697394789579	339	998
2824870	41948950	0.1613436123348017621145374449	1465	9080
945505	41948950	0.3087004405286343612334801762	2803	9080
5145400	41948950	0.2996696035242290748898678414	2721	9080
2060548	41948950	0.2302863436123348017621145374	2091	9080
2824870	87044449	0.5363790186125211505922165821	634	1182
5145400	87044449	0.4636209813874788494077834179	548	1182
1345137	1807076	0.4320809248554913294797687861	299	692
1128887	1807076	0.5679190751445086705202312139	393	692
1345137	284959	0.2222222222222222222222222222	846	3807
1128887	284959	0.2098765432098765432098765432	799	3807
5758198	284959	0.1200420278434462831625952193	457	3807
3853118	284959	0.4478592067244549514053060152	1705	3807
1345137	36106449	0.4995366079703429101019462465	539	1079
3853118	36106449	0.5004633920296570898980537535	540	1079
5178904	5012616	0.7052722558340535868625756266	816	1157
2578495	5012616	0.2947277441659464131374243734	341	1157
5790963	1189857	0.2472270869819030939871570344	847	3426
1088810	1189857	0.0618797431406888499708114419	212	3426
5511824	1189857	0.1167542323409223584354932866	400	3426
2578495	1189857	0.574138937536485697606538237	1967	3426
3436700	162730388	0.4054421768707482993197278912	298	735
5178904	162730388	0.5945578231292517006802721088	437	735
1088810	362105	0.8797468354430379746835443038	695	790
2943856	362105	0.1202531645569620253164556962	95	790
3436700	392787	0.3009950248756218905472636816	726	2412
2997779	392787	0.0182421227197346600331674959	44	2412
5178904	392787	0.5124378109452736318407960199	1236	2412
1088810	392787	0.1683250414593698175787728027	406	2412
3436700	498451	0.5581780538302277432712215321	1348	2415
3505211	498451	0.2215320910973084886128364389	535	2415
3711896	498451	0.220289855072463768115942029	532	2415
2997779	831186	0.2986789201608271108558299828	520	1741
1088810	831186	0.2188397472716829408385985066	381	1741
2461862	831186	0.4824813325674899483055715106	840	1741
1925244	12568	0.0320506804317221961520412952	683	21310
475607	12568	0.4195213514781792585640544345	8940	21310
387511	12568	0.5484279680900985452839042703	11687	21310
1925244	458978	0.8907422852376980817347789825	2136	2398
5096657	458978	0.1092577147623019182652210175	262	2398
1925244	66104	0.9888338897202716703119604006	8590	8687
1364990	66104	0.0111661102797283296880395994	97	8687
1925244	837299	0.9156626506024096385542168675	532	581
5096657	837299	0.0843373493975903614457831325	49	581
2075996	1470548	0.3767660910518053375196232339	240	637
901498	1470548	0.6232339089481946624803767661	397	637
5706270	107429	0.6971608832807570977917981073	221	317
889110	107429	0.3028391167192429022082018927	96	317
5706270	132345	0.1359796437659033078880407125	2672	19650
2234157	132345	0.0222391857506361323155216285	437	19650
1231704	132345	0.4260050890585241730279898219	8371	19650
2654260	132345	0.0616793893129770992366412214	1212	19650
885990	132345	0.1005597964376590330788804071	1976	19650
1256613	132345	0.2535368956743002544529262087	4982	19650
5706270	331025	0.5854922279792746113989637306	113	193
5789151	331025	0.4145077720207253886010362694	80	193
1088810	737994	0.4301964839710444674250258532	416	967
3711896	737994	0.5698035160289555325749741468	551	967
3177815	552840	0.6197053406998158379373848987	673	1086
5178904	552840	0.3802946593001841620626151013	413	1086
2129909	14336253	0.7119386637458926615553121577	650	913
1088810	14336253	0.2880613362541073384446878423	263	913
3875859	700124	0.5818181818181818181818181818	416	715
5862364	700124	0.4181818181818181818181818182	299	715
5120829	338529	0.2220338983050847457627118644	262	1180
2228336	338529	0.7779661016949152542372881356	918	1180
5120829	347302	0.679889298892988929889298893	737	1084
2228336	347302	0.320110701107011070110701107	347	1084
469888	227607	0.5737179487179487179487179487	179	312
1174354	227607	0.4262820512820512820512820513	133	312
469888	51043	0.7083333333333333333333333333	1785	2520
1174354	51043	0.2916666666666666666666666667	735	2520
469888	644954	0.875308641975308641975308642	709	810
1174354	644954	0.124691358024691358024691358	101	810
5696039	175143	0.1639534883720930232558139535	141	860
631010	175143	0.8360465116279069767441860465	719	860
387511	19169	0.9106344950848972296693476318	3057	3357
912217	19169	0.0893655049151027703306523682	300	3357
2654260	49871	0.1348012889366272824919441461	251	1862
305259	49871	0.8651987110633727175080558539	1611	1862
1231704	65391	0.0683144524545142464812907655	199	2913
3435851	65391	0.0216271884654994850669412976	63	2913
305259	65391	0.9100583590799862684517679368	2651	2913
2689714	37847	0.7518860016764459346186085499	897	1193
945505	37847	0.2481139983235540653813914501	296	1193
2689714	54791	0.0344990827859636664891413693	583	16899
945505	54791	0.7495709805313923900822533878	12667	16899
1853534	54791	0.2159299366826439434286052429	3649	16899
3664864	6386713	0.3337278106508875739644970414	282	845
3134582	6386713	0.6662721893491124260355029586	563	845
663723	8868661	0.2954324586977648202137998056	304	1029
2799943	8868661	0.379008746355685131195335277	390	1029
5302077	8868661	0.3255587949465500485908649174	335	1029
5386726	161123	0.2280796126949973103819257665	424	1859
5829187	161123	0.1280258203335126412049488973	238	1859
540838	161123	0.6438945669714900484131253362	1197	1859
5386726	290874	0.1133144475920679886685552408	200	1765
5829187	290874	0.4407932011331444759206798867	778	1765
540838	290874	0.4458923512747875354107648725	787	1765
5386726	33729	0.3308063404548587181254307374	2400	7255
5067443	33729	0.597105444521019986216402481	4332	7255
696893	33729	0.0720882150241212956581667815	523	7255
3855423	58226	0.105440269209197980931015143	188	1783
2339498	58226	0.894559730790802019068984857	1595	1783
3789385	482872296	0.676375404530744336569579288	209	309
3789436	482872296	0.323624595469255663430420712	100	309
3837454	106832	0.3980716253443526170798898072	289	726
2461706	106832	0.6019283746556473829201101928	437	726
5490158	234542	0.5164233576642335766423357664	1981	3836
5119696	234542	0.0813347236704900938477580813	312	3836
5586172	234542	0.4022419186652763295099061522	1543	3836
365529	56058	0.2296190815236739053043787825	1935	8427
5742361	56058	0.0579091016969265456271508247	488	8427
3545208	56058	0.1778806218108460899489735374	1499	8427
844233	56058	0.2639136110122226177761955619	2224	8427
3022388	56058	0.0409398362406550373798504806	345	8427
367330	56058	0.2297377477156758039634508129	1936	8427
5511824	1641480	0.5448833034111310592459605027	607	1114
2578495	1641480	0.4551166965888689407540394973	507	1114
1057022	4405703	0.4561855670103092783505154639	177	388
5752602	4405703	0.5438144329896907216494845361	211	388
5178904	645615	0.2632927610506085842408712364	411	1561
5511824	645615	0.7367072389493914157591287636	1150	1561
2127081	101463	0.8391136801541425818882466281	871	1038
628109	101463	0.1608863198458574181117533719	167	1038
2127081	436774	0.6134969325153374233128834356	200	326
3570436	436774	0.3865030674846625766871165644	126	326
3552827	125008	0.0806053119209388511426806671	261	3238
912217	125008	0.9193946880790611488573193329	2977	3238
1088810	13590736	0.1781512605042016806722689076	212	1190
5630105	13590736	0.8218487394957983193277310924	978	1190
2654260	167943	0.2578663658016798295098407923	2057	7977
296488	167943	0.1315030713300739626425974677	1049	7977
3629479	167943	0.61063056286824620784756174	4871	7977
655057	5559631	0.3049645390070921985815602837	86	282
2943856	5559631	0.6950354609929078014184397163	196	282
3730304	6174959	0.4291845493562231759656652361	100	233
2328676	6174959	0.5708154506437768240343347639	133	233
834374	387951	0.6143589743589743589743589744	1198	1950
5088150	387951	0.3856410256410256410256410256	752	1950
1213465	114957	0.8276056338028169014084507042	7345	8875
2461706	114957	0.1723943661971830985915492958	1530	8875
1213465	387849	0.4857142857142857142857142857	255	525
5119696	387849	0.5142857142857142857142857143	270	525
1213465	387852	0.6207332490518331226295828066	491	791
2461706	387852	0.3792667509481668773704171934	300	791
3859834	69124	0.2393216080402010050251256281	762	3184
5756087	69124	0.7606783919597989949748743719	2422	3184
422845	2166128	0.8236940298507462686567164179	883	1072
1189507	2166128	0.1763059701492537313432835821	189	1072
5674598	6385503	0.4206562668101129639591178053	782	1859
5251767	6385503	0.5793437331898870360408821947	1077	1859
506777	254794	0.3112840466926070038910505837	80	257
367330	254794	0.6887159533073929961089494163	177	257
5119696	592028	0.6103286384976525821596244131	390	639
2461706	592028	0.3896713615023474178403755869	249	639
5490158	6506404	0.3474264705882352941176470588	189	544
5586172	6506404	0.6525735294117647058823529412	355	544
5490158	724624	0.2015503875968992248062015504	182	903
5119696	724624	0.7984496124031007751937984496	721	903
885990	30900	0.8452611218568665377176015474	437	517
5099736	30900	0.1547388781431334622823984526	80	517
3272295	1421400	0.6606334841628959276018099548	1168	1768
2461706	1421400	0.3393665158371040723981900452	600	1768
2606835	87791	0.5	359	718
3870268	87791	0.5	359	718
2228336	33695	0.506561679790026246719160105	193	381
696893	33695	0.493438320209973753280839895	188	381
