5080377	150875	0.2249674902470741222366710013	173	769
5796363	150875	0.7750325097529258777633289987	596	769
3483534	1025692	0.6246575342465753424657534247	912	1460
5791729	1025692	0.3753424657534246575342465753	548	1460
5709982	1785090	0.1202715809893307468477206596	248	2062
3483534	1785090	0.8797284190106692531522793404	1814	2062
5709982	200499	0.3168567807351077313054499366	250	789
759718	200499	0.6831432192648922686945500634	539	789
5709982	32784	0.0763276879454364319104912254	996	13049
5572167	32784	0.0383171124224078473446241091	500	13049
5758217	32784	0.0371675990497356119242853859	485	13049
5173175	32784	0.0522645413441643037780672848	682	13049
3428539	32784	0.0269752471453751245306153728	352	13049
5342642	32784	0.0071269829105678596061000843	93	13049
3450386	32784	0.0230669016782895241014637137	301	13049
5674772	32784	0.738753927504023296804352824	9640	13049
5709982	32785	0.0338546956462861398876024105	500	14769
2906288	32785	0.879003317760173336041708985	12982	14769
5758217	32785	0.0658135283363802559414990859	972	14769
2859570	32785	0.0166565102579727808247003859	246	14769
5258721	32785	0.0046719479991874873044891326	69	14769
5293701	3295794	0.0629613547546678245766391663	145	2303
5514037	3295794	0.2818063395570994355188884064	649	2303
5583136	3295794	0.1519756838905775075987841945	350	2303
2056023	3295794	0.1936604429005644811115935736	446	2303
5827971	3295794	0.3095961788970907511940946591	713	2303
3631177	90227	0.3204353083434099153567110036	530	1654
5758217	90227	0.1451027811366384522370012092	240	1654
5828333	90227	0.5344619105199516324062877872	884	1654
5720944	1789334	0.9417208604302151075537768884	3765	3998
1165836	1789334	0.0582791395697848924462231116	233	3998
3858908	102798	0.078432521773787056465320189	6691	85309
2007437	102798	0.0040441219566517014617449507	345	85309
5105063	102798	0.0128356914276336611611904957	1095	85309
5810398	102798	0.0782449682917394413250653507	6675	85309
3513600	102798	0.0467594274929960496547843721	3989	85309
5572203	102798	0.0506042738749721600300085571	4317	85309
2720295	102798	0.0696292302101771208196087165	5940	85309
2928112	102798	0.0327163605246808660282033549	2791	85309
5741114	102798	0.0810817147077096203214197799	6917	85309
5789229	102798	0.0029422452496219625127477757	251	85309
5491366	102798	0.0069980892989016399207586538	597	85309
5636821	102798	0.0186146830932258026702927007	1588	85309
3428539	102798	0.0057907137582201174553681323	494	85309
5097275	102798	0.0315089849839993435628128333	2688	85309
3008553	102798	0.0146877820628538606712070239	1253	85309
2787799	102798	0.0394448416931390591848456787	3365	85309
1165836	102798	0.0272304211747881231757493348	2323	85309
486761	102798	0.1667584897255858115790830979	14226	85309
3580723	102798	0.0185677947227138988852289911	1584	85309
5092770	102798	0.0253783305395679236657328066	2165	85309
5182767	102798	0.0536051295877340022740859698	4573	85309
5615196	102798	0.003516627788392783879778218	300	85309
1086934	102798	0.0006916034650505808296897162	59	85309
3860345	102798	0.0394331196005110832385797513	3364	85309
1145976	102798	0.0147581146186217163488025882	1259	85309
5066441	102798	0.0229401352729489268424199088	1957	85309
5765424	102798	0.0276641386020232331875886483	2360	85309
3191270	102798	0.0117220926279759462659273934	1000	85309
5665029	102798	0.0011253208922856908415290298	96	85309
2391318	102798	0.0122730309814908157404259808	1047	85309
1916818	4627633	0.3206459054209919261822376009	278	867
2720295	4627633	0.6793540945790080738177623991	589	867
1916818	9976532	0.3175803402646502835538752363	168	529
3557264	9976532	0.6824196597353497164461247637	361	529
3579480	240943	0.3043851329991419410197353565	6740	22143
5425538	240943	0.0128708847039696518086980084	285	22143
2307383	240943	0.0922639208779298198076141444	2043	22143
2859570	240943	0.0222643724879194327778530461	493	22143
2129356	240943	0.1124057264146682924626292734	2489	22143
5444769	240943	0.0160321546312604434810097999	355	22143
3596373	240943	0.1612247662918303752879013684	3570	22143
1138619	240943	0.074380165289256198347107438	1647	22143
3648964	240943	0.2020954703518041819085038161	4475	22143
439070	240943	0.0020774059522196630989477487	46	22143
2108724	385336	0.1959237343852728468113083498	596	3042
793581	385336	0.0496383957922419460880999343	151	3042
5671292	385336	0.1265614727153188691650230112	385	3042
5659388	385336	0.0525969756738987508218277449	160	3042
5583369	385336	0.2465483234714003944773175542	750	3042
3095141	385336	0.3287310979618671926364234057	1000	3042
2108724	385337	0.2435970404097894137734775185	1712	7028
3579480	385337	0.0966135458167330677290836653	679	7028
2307383	385337	0.1263517359134889015367103017	888	7028
2129356	385337	0.0258964143426294820717131474	182	7028
5590766	385337	0.2401821286283437677859988617	1688	7028
5583369	385337	0.0737051792828685258964143426	518	7028
5251596	385337	0.1439954467842914058053500285	1012	7028
3642667	385337	0.0496585088218554354012521343	349	7028
5659388	387366	0.3128449947784574071311353125	2097	6703
5444769	387366	0.0535581083097120692227360883	359	6703
1138619	387366	0.6335968969118305236461285991	4247	6703
2108724	40850	0.264014604092188331938845364	3471	13147
3579480	40850	0.2399026393854111204076975736	3154	13147
759718	40850	0.0209933825207271620902106945	276	13147
2307383	40850	0.0811591998174488476458507644	1067	13147
793581	40850	0.1757815471210162014147714307	2311	13147
5671292	40850	0.0285996805354833802388377577	376	13147
2101620	40850	0.1490834410892218757130904389	1960	13147
439070	40850	0.0404655054385030805506959763	532	13147
5504006	592460	0.2809917355371900826446280992	136	484
5251596	592460	0.7190082644628099173553719008	348	484
3165605	1001960	0.0359668619923216811477066074	356	9898
3583261	1001960	0.134168518892705597090321277	1328	9898
3488760	1001960	0.0476864012931905435441503334	472	9898
1097656	1001960	0.1796322489391796322489391796	1778	9898
677993	1001960	0.2764194786825621337643968478	2736	9898
3871640	1001960	0.0859769650434431198221863003	851	9898
2674536	1001960	0.1467973327945039401899373611	1453	9898
3176004	1001960	0.0133360274802990503131945848	132	9898
3842918	1001960	0.0229339260456657910689028086	227	9898
3081459	1001960	0.0570822388361285108102646999	565	9898
1097656	1008586	0.1076696165191740412979351032	292	2712
1056792	1008586	0.3340707964601769911504424779	906	2712
3842918	1008586	0.1006637168141592920353982301	273	2712
3081459	1008586	0.3300147492625368731563421829	895	2712
1827710	1008586	0.1275811209439528023598820059	346	2712
2787799	102838	0.4978723404255319148936170213	234	470
610583	102838	0.5021276595744680851063829787	236	470
2270701	1056280	0.0682845392727716926584958671	1677	24559
5546999	1056280	0.0469481656419235310883993648	1153	24559
1056792	1056280	0.0723156480312716315810904353	1776	24559
2943262	1056280	0.0559876216458324850360356692	1375	24559
5539437	1056280	0.0333075450954843438250743108	818	24559
677993	1056280	0.2286738059367238079726373224	5616	24559
855086	1056280	0.228103750152693513579543141	5602	24559
5254277	1056280	0.0974388207988924630481697138	2393	24559
3871640	1056280	0.0701982979763019666924549045	1724	24559
3081459	1056280	0.0987418054481045645180992711	2425	24559
3566396	1306375	0.038387018648583192056187939	317	8258
5480314	1306375	0.1898764834100266408331315088	1568	8258
2621718	1306375	0.0090821022039234681520949382	75	8258
5667163	1306375	0.3688544441753451198837490918	3046	8258
3244981	1306375	0.0438362799709372729474449019	362	8258
2674536	1306375	0.3069750544926132235408089126	2535	8258
3829899	1306375	0.0429886170985710825865827077	355	8258
2493692	1306376	0.6842105263157894736842105263	299	437
5667163	1306376	0.3157894736842105263157894737	138	437
2621718	4891205	0.0870796460176991150442477876	246	2825
3583210	4891205	0.1118584070796460176991150442	316	2825
2674536	4891205	0.4208849557522123893805309735	1189	2825
5251776	4891205	0.3490265486725663716814159292	986	2825
2003804	4891205	0.0311504424778761061946902655	88	2825
3488760	5437415	0.148257968865826538176426983	400	2698
1097656	5437415	0.2742772424017790956263899185	740	2698
5430710	5437415	0.495922905856189770200148258	1338	2698
610583	5437415	0.0815418828762045959970348406	220	2698
3795307	6477826	0.0744558991981672394043528064	260	3492
3566396	6477826	0.1944444444444444444444444444	679	3492
5480314	6477826	0.4916953035509736540664375716	1717	3492
3829899	6477826	0.2394043528064146620847651775	836	3492
3614291	3945135	0.4893029675638371290545203589	1418	2898
2056023	3945135	0.5106970324361628709454796411	1480	2898
5804539	32670	0.0278411274184453083283845758	5579	200387
2906288	32670	0.0103699341773667952511889494	2078	200387
5293701	32670	0.0028544765878026019651973431	572	200387
3557264	32670	0.0116774042228288262212618583	2340	200387
3757797	32670	0.0006237929606211979819050138	125	200387
3071898	32670	0.0022356739708663735671475695	448	200387
3819280	32670	0.0134639472620479372414378178	2698	200387
2095583	32670	0.0105745382684505481892537939	2119	200387
5264811	32670	0.0021358670971669818900427672	428	200387
3608724	32670	0.0187137888186359394571504139	3750	200387
2679352	32670	0.0837180056590497387555080918	16776	200387
5302417	32670	0.0022306836271814039832923293	447	200387
5136633	32670	0.0068567322231482082170999117	1374	200387
5504006	32670	0.0029892158672967807292888261	599	200387
2928112	32670	0.0044813286291026863020056191	898	200387
3631177	32670	0.0263340436255844940041020625	5277	200387
332897	32670	0.0801249582058716383797352124	16056	200387
5659537	32670	0.0411803160883690059734413909	8252	200387
1207042	32670	0.0008882811759245859262327396	178	200387
2519387	32670	0.0039673232295508191649158878	795	200387
5514037	32670	0.0197966933982743391537375179	3967	200387
1043761	32670	0.0577931702156327506275357184	11581	200387
2938306	32670	0.0208097331663231646763512603	4170	200387
593104	32670	0.0005239860869218063048002116	105	200387
3876634	32670	0.0012475859212423959638100276	250	200387
5415526	32670	0.0019262726623982593681226826	386	200387
5708609	32670	0.0383058781258265256728230873	7676	200387
5767966	32670	0.0065123985088853069310883441	1305	200387
5601023	32670	0.0031738585836406553319327102	636	200387
1027797	32670	0.090325220697949467779845998	18100	200387
5352203	32670	0.001991147130302863958240804	399	200387
3597649	32670	0.0187587019118006657118475749	3759	200387
3428539	32670	0.0009132328943494338455089402	183	200387
3146489	32670	0.0012974893580920918023624287	260	200387
5359227	32670	0.0224914789881579144355671775	4507	200387
1206937	32670	0.0407960596246263480165879024	8175	200387
5171334	32670	0.0609320963934786188724817478	12210	200387
5060519	32670	0.0085085359828731404731843882	1705	200387
3613304	32670	0.0104697410510661869282937516	2098	200387
697413	32670	0.0791318798125626911925424304	15857	200387
5667341	32670	0.0049853533412846142713848703	999	200387
5722038	32670	0.0020560215982074685483589255	412	200387
5585871	32670	0.0008283970517049509199698583	166	200387
3837727	32670	0.004156956289579663351415012	833	200387
5576967	32670	0.0015120741365457839081377534	303	200387
5295900	32670	0.0039673232295508191649158878	795	200387
3497916	32670	0.0098309770593900801948230175	1970	200387
5401458	32670	0.0233398374146027436909579963	4677	200387
5710578	32670	0.0211740282553259442977837884	4243	200387
5342642	32670	0.0004790729937570800501030506	96	200387
5673144	32670	0.0024003553124703698343704931	481	200387
3095141	32670	0.0034882502357937391148128372	699	200387
3501834	32670	0.0028345152130627236297763827	568	200387
2221304	32670	0.0079196754280467295782660552	1587	200387
3450386	32670	0.0039972652916606366680473284	801	200387
5823508	32670	0.030426125447259552765398953	6097	200387
5656720	32670	0.0027297179956783623688163404	547	200387
3867807	32670	0.0005090150558668975532344913	102	200387
5768437	32670	0.0218776667149066556213726439	4384	200387
1275831	32670	0.012520772305588685892797437	2509	200387
5804539	369328	0.0197215777262180974477958237	187	9482
970042	369328	0.0310061168529846024045560008	294	9482
759718	369328	0.1180130774098291499683611053	1119	9482
3204059	369328	0.1575616958447584897700906982	1494	9482
5622454	369328	0.0826829782746256064121493356	784	9482
793581	369328	0.0599029740561063066863530901	568	9482
5659388	369328	0.0084370385994515924910356465	80	9482
5068388	369328	0.2016452225268930605357519511	1912	9482
5582645	369328	0.0044294452647120860577937144	42	9482
3095141	369328	0.0944948323138578358995992407	896	9482
320228	369328	0.1440624340856359417844336638	1366	9482
5291256	369328	0.07804260704492723054207973	740	9482
3202703	106358	0.0562440419447092469018112488	59	1049
2242045	106358	0.3679694947569113441372735939	386	1049
2278979	106358	0.3021925643469971401334604385	317	1049
5615196	106358	0.2735938989513822688274547188	287	1049
2607624	106359	0.1383915022761760242792109256	2280	16475
970042	106359	0.0168133535660091047040971168	277	16475
2242045	106359	0.1008801213960546282245827011	1662	16475
723374	106359	0.0231866464339908952959028832	382	16475
3786481	106359	0.0698027314112291350531107739	1150	16475
2278979	106359	0.0230652503793626707132018209	380	16475
5251596	106359	0.042245827010622154779969651	696	16475
5068388	106359	0.0741122913505311077389984825	1221	16475
2193611	106359	0.0926858877086494688922610015	1527	16475
3815903	106359	0.0778148710166919575113808801	1282	16475
5615196	106359	0.0359332321699544764795144158	592	16475
2622425	106359	0.0569347496206373292867981791	938	16475
5427526	106359	0.1521699544764795144157814871	2507	16475
2096577	106359	0.0959635811836115326251896813	1581	16475
2607624	181806	0.0603057540139817162172543597	785	13017
5289986	181806	0.0303449335484366597526311746	395	13017
3731074	181806	0.1327494814473380963355611892	1728	13017
3786481	181806	0.1371283705923023738188522701	1785	13017
2278979	181806	0.0135207805177844357378812322	176	13017
5251596	181806	0.2391488054083122071137742952	3113	13017
687697	181806	0.0304217561650149804102327725	396	13017
2622425	181806	0.2026580625336098947530152877	2638	13017
5427526	181806	0.1047092263962510563109779519	1363	13017
439070	181806	0.0071445033417838211569486057	93	13017
2096577	181806	0.0418683260351847583928708612	545	13017
2607624	4333622	0.0089982003599280143971205759	30	3334
5289986	4333622	0.9733053389322135572885422915	3245	3334
3731074	4333622	0.0176964607078584283143371326	59	3334
3024971	1326150	0.1820975797157126392623895505	474	2603
5659388	1326150	0.4594698424894352669996158279	1196	2603
5550984	1326150	0.3584325777948520937379946216	933	2603
3239181	181784	0.0791567223548130469371519491	199	2514
970042	181784	0.0739856801909307875894988067	186	2514
5659388	181784	0.1193317422434367541766109785	300	2514
5583369	181784	0.2227525855210819411296738266	560	2514
3753587	181784	0.4602227525855210819411296738	1157	2514
2789268	181784	0.0445505171042163882259347653	112	2514
3239181	484640	0.3815789473684210526315789474	783	2052
5289986	484640	0.2105263157894736842105263158	432	2052
3786481	484640	0.1437621832358674463937621832	295	2052
3727807	484640	0.2402534113060428849902534113	493	2052
3785212	484640	0.0238791423001949317738791423	49	2052
5583176	147546	0.0900523560209424083769633508	172	1910
5251730	147546	0.3575916230366492146596858639	683	1910
2419526	147546	0.4057591623036649214659685864	775	1910
5772434	147546	0.146596858638743455497382199	280	1910
5583176	1588892	0.0306812272490899635985439418	59	1923
5675199	1588892	0.9693187727509100364014560582	1864	1923
5669992	199703	0.0015990661453711032756869988	200	125073
5589249	199703	0.0089387797526244673110903233	1118	125073
538537	199703	0.0019188793744453239308243986	240	125073
998447	199703	0.1255186970809047516250509702	15699	125073
2419526	199703	0.0969433850631231360885243018	12125	125073
5826884	199703	0.0005996498045141637283826245	75	125073
1846173	199703	0.0376100357391283490441582116	4704	125073
2239390	199703	0.0096263781951340417196357327	1204	125073
443207	199703	0.3844954546544817826389388597	48090	125073
2195603	199703	0.2082943560960399126909884627	26052	125073
2274131	199703	0.0333165431388069367489386198	4167	125073
3805657	199703	0.0025585058325937652410991981	320	125073
5753436	199703	0.0575343999104522958592182166	7196	125073
5821160	199703	0.0011033556403060612602240292	138	125073
3577282	199703	0.0104818785829075819721282771	1311	125073
5772887	199703	0.0050930256730069639330630912	637	125073
5539294	199703	0.0003677852134353537534080097	46	125073
2891820	199703	0.0047492264517521767287903864	594	125073
5382853	199703	0.0015990661453711032756869988	200	125073
5620762	199703	0.0076515315056007291741622892	957	125073
5583176	433027	0.0144425340563417537362782701	546	37805
538537	433027	0.0012167702684830048935326015	46	37805
443207	433027	0.7286602301282899087422298638	27547	37805
2195603	433027	0.1663272053961116254463695278	6288	37805
2274131	433027	0.0814178018780584578759423357	3078	37805
5382853	433027	0.0079354582727152493056474011	300	37805
5583176	46042	0.0050303037018160061161401837	454	90253
5669992	46042	0.0017617142920456937719521789	159	90253
1249233	46042	0.0658703865799474809701616567	5945	90253
5589249	46042	0.013894274982549056541056807	1254	90253
538537	46042	0.0043101060352564457691157081	389	90253
998447	46042	0.0099498077626228491019689096	898	90253
1846173	46042	0.1316964533034912966881987302	11886	90253
443207	46042	0.2267293053970505135563360775	20463	90253
2195603	46042	0.1401172260201876945918695223	12646	90253
2274131	46042	0.3398003390469014880391787531	30668	90253
5821160	46042	0.0039777071122289563781813347	359	90253
3577282	46042	0.0064263791785314615580645519	580	90253
5610345	46042	0.0039223072917243748130256058	354	90253
2891820	46042	0.0048973441326050103597664344	442	90253
5382853	46042	0.0416163451630416717449835463	3756	90253
3566396	1306357	0.7310405643738977072310405644	829	1134
5089150	1306357	0.2689594356261022927689594356	305	1134
3566396	4732995	0.4482504604051565377532228361	1217	2715
5480314	4732995	0.2990791896869244935543278085	812	2715
3244981	4732995	0.2526703499079189686924493554	686	2715
5511230	1319227	0.0164688179234241765591038288	197	11962
5227307	1319227	0.1498077244607925096137769604	1792	11962
5252432	1319227	0.3574653068048821267346597559	4276	11962
5731576	1319227	0.4095468985119545226550744023	4899	11962
5711754	1319227	0.0667112522989466644373850527	798	11962
5669992	1983298	0.0395562997069903725408120553	567	14334
5589249	1983298	0.0390679503278917259662341286	560	14334
3805657	1983298	0.8504953257988000558113576113	12191	14334
5753436	1983298	0.0708804241663178456815962048	1016	14334
5669992	294995	0.0591945657447840853954391072	244	4122
5589249	294995	0.2811741872877244056283357593	1159	4122
5821160	294995	0.0431829209121785540999514799	178	4122
2891820	294995	0.5572537603105288694808345463	2297	4122
5382853	294995	0.0480349344978165938864628821	198	4122
1224398	294995	0.0111596312469674915089762251	46	4122
5669992	3414648	0.3653136531365313653136531365	198	542
5589249	3414648	0.4741697416974169741697416974	257	542
2239390	3414648	0.1605166051660516605166051661	87	542
5753436	4559242	0.9483070560868441457741018351	3669	3869
5821160	4559242	0.0516929439131558542258981649	200	3869
2419526	4766563	0.6226053639846743295019157088	325	522
3468679	4766563	0.3773946360153256704980842912	197	522
2419526	639950	0.0621836587129428778018799711	86	1383
5772434	639950	0.5979754157628344179320318149	827	1383
5830253	639950	0.043383947939262472885032538	60	1383
3032964	639950	0.2964569775849602313810556761	410	1383
5669992	8712326	0.1096644967451176765147721582	219	1997
5511230	8712326	0.1001502253380070105157736605	200	1997
5589249	8712326	0.730095142714071106659989985	1458	1997
5252432	8712326	0.0600901352028042063094641963	120	1997
3039043	8917990	0.2588235294117647058823529412	66	255
5590344	8917990	0.3333333333333333333333333333	85	255
5841225	8917990	0.4078431372549019607843137255	104	255
5546999	488221	0.0870689655172413793103448276	707	8120
677993	488221	0.6070197044334975369458128079	4929	8120
3081459	488221	0.3059113300492610837438423645	2484	8120
2095583	4933103	0.05123592511159970684256113	769	15009
1838035	4933103	0.0030648277700046638683456593	46	15009
3505159	4933103	0.0308481577720034645879139183	463	15009
5698620	4933103	0.0249183823039509627556799254	374	15009
5523223	4933103	0.0600972749683523219401692318	902	15009
2315124	4933103	0.1431141315210873475914451329	2148	15009
3714607	4933103	0.0858151775601305883136784596	1288	15009
3505346	4933103	0.0199880071956825904457325605	300	15009
1838562	4933103	0.1462455859817442867612765674	2195	15009
2674536	4933103	0.0305150243187420880804850423	458	15009
1361259	4933103	0.018522220001332533813045506	278	15009
991625	4933103	0.1870211206609367712705709907	2807	15009
2003804	4933103	0.0397761343194083549870077953	597	15009
3852723	4933103	0.1588380305150243187420880805	2384	15009
2592698	1143642	0.003108808290155440414507772	252	81060
3165605	1143642	0.0798174191956575376264495435	6470	81060
2095583	1143642	0.0619417715272637552430298544	5021	81060
5425538	1143642	0.0014557118184061189242536393	118	81060
1838035	1143642	0.0027757216876387860843819393	225	81060
3505159	1143642	0.0228349370836417468541820873	1851	81060
5698620	1143642	0.1926967678263015050579817419	15620	81060
5523223	1143642	0.0247964470762398223538119911	2010	81060
2315124	1143642	0.0091167036762891685171477918	739	81060
2344137	1143642	0.0727115716753022452504317789	5894	81060
3714607	1143642	0.0795830249198124845793239576	6451	81060
5203494	1143642	0.0488403651616086849247471009	3959	81060
1087704	1143642	0.0364421416234887737478411054	2954	81060
5488378	1143642	0.0019368369109301751788798421	157	81060
3505346	1143642	0.0033061929434986429805082655	268	81060
3117267	1143642	0.035381199111769059955588453	2868	81060
1838562	1143642	0.0103256846780162842339008142	837	81060
1361259	1143642	0.0103256846780162842339008142	837	81060
5176097	1143642	0.0097458672588206266962743647	790	81060
5129769	1143642	0.0097582037996545768566493955	791	81060
5837700	1143642	0.0226622255119664446089316556	1837	81060
991625	1143642	0.0888724401677769553417221811	7204	81060
5375456	1143642	0.0237478411053540587219343696	1925	81060
3415980	1143642	0.0123982235381199111769059956	1005	81060
1896988	1143642	0.0078213668887244016777695534	634	81060
3852723	1143642	0.1275968418455465087589439921	10343	81060
2095583	547949	0.0396275014860313057261739647	200	5047
2574274	547949	0.2429165841093719041014464038	1226	5047
1838035	547949	0.0289280760848028531801069943	146	5047
3505159	547949	0.0548840895581533584307509412	277	5047
2344137	547949	0.0568654646324549237170596394	287	5047
3714607	547949	0.1886269070735090152565880721	952	5047
3117267	547949	0.1396869427382603526847632257	705	5047
991625	547949	0.0588468397067564890033683376	297	5047
5375456	547949	0.1363186051119476916980384387	688	5047
1896988	547949	0.0532989894987121062017039826	269	5047
5843731	55635	0.0150672645739910313901345291	84	5575
2859570	55635	0.3582062780269058295964125561	1997	5575
5674772	55635	0.6267264573991031390134529148	3494	5575
1838035	610264	0.0180888714117184427841132521	46	2543
1087704	610264	0.0955564294140778607943373968	243	2543
3505346	610264	0.5304758159653952025167125442	1349	2543
3117267	610264	0.1462839166338969720802202123	372	2543
1838562	610264	0.1344868265827762485253637436	342	2543
1896988	610264	0.075108139992135273299252851	191	2543
2720295	1125487	0.6554128440366972477064220183	1786	2725
1856582	1125487	0.3445871559633027522935779817	939	2725
5415526	37512	0.2093144950287807430664573522	400	1911
2787799	37512	0.2537938252223966509680795395	485	1911
5182767	37512	0.2909471480900052328623757195	556	1911
3191270	37512	0.2459445316588173731030873888	470	1911
486761	4017785	0.7310692978430472693896282698	1593	2179
5066441	4017785	0.2689307021569527306103717302	586	2179
2007437	607436	0.1759014951627088830255057168	200	1137
2720295	607436	0.5250659630606860158311345646	597	1137
5182767	607436	0.2990325417766051011433597186	340	1137
2720295	607463	0.0607044970053801644503096132	598	9851
1856582	607463	0.0813115419754339660948127094	801	9851
3008553	607463	0.2702263729570601969343213887	2662	9851
486761	607463	0.1417115013704192467769769567	1396	9851
5092770	607463	0.045376103948837681453659527	447	9851
1145976	607463	0.1318647853009846716069434575	1299	9851
5066441	607463	0.1771393767130240584712211958	1745	9851
3191270	607463	0.0308598111866815551720637499	304	9851
2391318	607463	0.0608060095421784590396914019	599	9851
2720295	7920750	0.3582089552238805970149253731	600	1675
5092770	7920750	0.1044776119402985074626865672	175	1675
5182767	7920750	0.2985074626865671641791044776	500	1675
3191270	7920750	0.2388059701492537313432835821	400	1675
5155446	32818	0.0545500569548158460954309581	2155	39505
5843731	32818	0.4383242627515504366535881534	17316	39505
5609974	32818	0.0209593722313631185925832173	828	39505
3819280	32818	0.011315023414757625617010505	447	39505
2273174	32818	0.1244146310593595747373750158	4915	39505
5504006	32818	0.0388558410327806606758638147	1535	39505
5514037	32818	0.0153145171497278825465130996	605	39505
1027797	32818	0.0252119984812049107707885078	996	39505
3428539	32818	0.0194912036451082141501075813	770	39505
1209449	32818	0.1005189216554866472598405265	3971	39505
2271735	32818	0.0360966966206809264650044298	1426	39505
5060519	32818	0.0023794456397924313378053411	94	39505
3613304	32818	0.0151626376408049613972914821	599	39505
697413	32818	0.002506011897228198962156689	99	39505
5722038	32818	0.0014934818377420579673459056	59	39505
5836097	32818	0.0202506011897228198962156689	800	39505
5348600	32818	0.0272370586001771927604100747	1076	39505
1010277	32818	0.0151626376408049613972914821	599	39505
2622425	32818	0.0292621187191494747500316416	1156	39505
3867807	32818	0.0014934818377420579673459056	59	39505
5791729	215724	0.0341537721478393329591918544	426	12473
2519387	215724	0.2559929447606830754429567867	3193	12473
3049251	215724	0.1876052272909484486490820172	2340	12473
1206937	215724	0.0143509981560169967128998637	179	12473
3205303	215724	0.5078970576445121462358694781	6335	12473
2928112	32671	0.2807800152944175375987764466	6609	23538
5659537	32671	0.0616449995751550684000339876	1451	23538
3452749	32671	0.0178434871271985725210298241	420	23538
5514037	32671	0.4641006032798028719517376158	10924	23538
5863906	32671	0.0376412609397569886991248194	886	23538
3146489	32671	0.0143597586880788512193049537	338	23538
5093260	32671	0.0144022431812388478205455009	339	23538
5097275	32671	0.0172487042229586201036621633	406	23538
5836097	32671	0.0333503271305973319738295522	785	23538
5827971	32671	0.0280397654855977568187611522	660	23538
1275831	32671	0.0305888350751975528931939842	720	23538
5225673	434783	0.0113802463979954061390686991	109	9578
5791729	434783	0.0127375234913343077886823972	122	9578
2519387	434783	0.2502610148256420964710795573	2397	9578
3049251	434783	0.0628523700146168302359574024	602	9578
1206937	434783	0.0841511797870119022760492796	806	9578
3613304	434783	0.1461683023595740238045520986	1400	9578
687697	434783	0.0587805387346001252871163082	563	9578
3205303	434783	0.3736688243892253079974942577	3579	9578
2961618	3990378	0.6665475658776239392585975882	7462	11195
5601023	3990378	0.3334524341223760607414024118	3733	11195
5843731	32673	0.2801418439716312056737588652	1264	4512
2679352	32673	0.2216312056737588652482269504	1000	4512
5791729	32673	0.0687056737588652482269503546	310	4512
3146489	32673	0.0547429078014184397163120567	247	4512
5092770	32673	0.2178634751773049645390070922	983	4512
5823508	32673	0.0866578014184397163120567376	391	4512
5827971	32673	0.0702570921985815602836879433	317	4512
2906288	55703	0.1494768310911808669656203288	200	1338
5069709	55703	0.7914798206278026905829596413	1059	1338
5295900	55703	0.0590433482810164424514200299	79	1338
5843731	678286	0.5460122699386503067484662577	89	163
5302304	678286	0.4539877300613496932515337423	74	163
3819280	90246	0.0156017830609212481426448737	189	12114
759718	90246	0.4884431236585768532276704639	5917	12114
5060519	90246	0.0128776622090143635463100545	156	12114
5069709	90246	0.0438335809806835066864784547	531	12114
5576967	90246	0.0329370975730559683011391778	399	12114
5836097	90246	0.2470695063562819877827307248	2993	12114
1010277	90246	0.0802377414561664190193164933	972	12114
5674772	90246	0.0789995047052996532937097573	957	12114
2519387	32447	0.3146139119336311423101467773	493	1567
3501834	32447	0.2661135928525845564773452457	417	1567
5345432	32447	0.0382897255902999361837906828	60	1567
5765424	32447	0.3809827696234843650287172942	597	1567
3631712	465916	0.0994194484760522496371552975	822	8268
2023644	465916	0.6227624576681180454765360426	5149	8268
5713342	465916	0.0113691340106434446057087567	94	8268
1277045	465916	0.0483792936623125302370585389	400	8268
3843250	465916	0.0913159167876149008224479923	755	8268
1892126	465916	0.0423318819545234639574262216	350	8268
5665029	465916	0.0844218674407353652636671505	698	8268
2906288	198288	0.1844234659474039109912339852	547	2966
5251596	198288	0.6166554281861092380310182063	1829	2966
5385745	198288	0.1989211058664868509777478085	590	2966
2906288	32819	0.0668500687757909215955983494	2187	32715
5302304	32819	0.0022925263640531866116460339	75	32715
5572167	32819	0.0300473788781904325233073514	983	32715
5514037	32819	0.0152223750573131591013296653	498	32715
5863906	32819	0.0253400580773345560140608284	829	32715
5352203	32819	0.0028427326914259513984410821	93	32715
2402068	32819	0.5401803454073055173467828213	17672	32715
598598	32819	0.3172245147485862754088338683	10378	32715
5523223	587751	0.0772102161100196463654223969	393	5090
2344137	587751	0.3080550098231827111984282908	1568	5090
3714607	587751	0.1029469548133595284872298625	524	5090
5203494	587751	0.0267190569744597249508840864	136	5090
3505346	587751	0.0282907662082514734774066798	144	5090
3117267	587751	0.1349705304518664047151277014	687	5090
991625	587751	0.1251473477406679764243614931	637	5090
1896988	587751	0.1966601178781925343811394892	1001	5090
5203799	11868099	0.0750886239123428939735739607	233	3103
3757797	11868099	0.9249113760876571060264260393	2870	3103
3757797	9414204	0.1424211597151576805696846389	560	3932
5609819	9414204	0.124618514750762970498474059	490	3932
5295900	9414204	0.7329603255340793489318413021	2882	3932
5667163	33781691	0.2144578313253012048192771084	267	1245
5666025	33781691	0.7855421686746987951807228916	978	1245
983124	562835	0.1791443850267379679144385027	335	1870
5550984	562835	0.6299465240641711229946524064	1178	1870
2789268	562835	0.1909090909090909090909090909	357	1870
2228371	13152212	0.398245614035087719298245614	227	570
3842918	13152212	0.601754385964912280701754386	343	570
3583261	30908	0.3423857868020304568527918782	2698	7880
2488837	30908	0.137309644670050761421319797	1082	7880
1097656	30908	0.3359137055837563451776649746	2647	7880
835366	30908	0.0177664974619289340101522843	140	7880
3871640	30908	0.0549492385786802030456852792	433	7880
5527483	30908	0.0058375634517766497461928934	46	7880
610583	30908	0.1058375634517766497461928934	834	7880
2402068	634796	0.2958998847357154618804544706	1797	6073
5272260	634796	0.1281080191009385806026675449	778	6073
5674772	634796	0.5759920961633459575168779845	3498	6073
5289986	1218726	0.126557377049180327868852459	193	1525
3786481	1218726	0.873442622950819672131147541	1332	1525
5289986	4763103	0.2191235059760956175298804781	165	753
2193611	4763103	0.7808764940239043824701195219	588	753
3202703	125348	0.0762942779291553133514986376	196	2569
5695337	125348	0.463604515375632541845075905	1191	2569
2938306	125348	0.1339042428960685091475282211	344	2569
5836097	125348	0.3082911638769949396652393928	792	2569
439070	125348	0.0179057999221486959906578435	46	2569
2488837	1002219	0.2906976744186046511627906977	150	516
2228371	1002219	0.4089147286821705426356589147	211	516
677993	1002219	0.3003875968992248062015503876	155	516
5546999	944313	0.0723278202912861021969883979	293	4051
677993	944313	0.7909158232535176499629721057	3204	4051
3081459	944313	0.1367563564551962478400394964	554	4051
1249233	46093	0.0360110803324099722991689751	169	4693
538537	46093	0.0155550820370764969102919241	73	4693
998447	46093	0.0907734924355422970381419135	426	4693
2195603	46093	0.8320903473258043895163008736	3905	4693
5830253	46093	0.0255699978691668442360963137	120	4693
3039043	1849595	0.390625	100	256
2239390	1849595	0.609375	156	256
970042	2667906	0.0515117581187010078387458007	46	893
3024971	2667906	0.3359462486002239641657334826	300	893
5659388	2667906	0.2239641657334826427771556551	200	893
3591154	2667906	0.3885778275475923852183650616	347	893
5147041	216794	0.0185725249424405218726016884	242	13030
5258721	216794	0.0115886415963161933998465081	151	13030
3641103	216794	0.9698388334612432847275518035	12637	13030
5589249	199706	0.052289483896003104384943733	539	10308
998447	199706	0.0890570430733410942956926659	918	10308
1846173	199706	0.1254365541327124563445867288	1293	10308
2195603	199706	0.547632906480403570042685293	5645	10308
3805657	199706	0.145809080325960419091967404	1503	10308
2891820	199706	0.0397749320915793558401241754	410	10308
5589249	31631091	0.8915094339622641509433962264	1701	1908
2891820	31631091	0.1084905660377358490566037736	207	1908
3236614	141491	0.1234995236583042235630358844	3889	31490
2679352	141491	0.0855509685614480787551603684	2694	31490
332897	141491	0.1484280724039377580184185456	4674	31490
5659537	141491	0.2837408701174976182915211178	8935	31490
1043761	141491	0.1453159733248650365195300095	4576	31490
3128854	141491	0.2134645919339472848523340743	6722	31490
845099	11872846	0.8286413708690330477356181151	677	817
2382483	11872846	0.1713586291309669522643818849	140	817
845099	199725	0.0416059912627418348242146869	200	4807
1846173	199725	0.9583940087372581651757853131	4607	4807
845099	60617344	0.8948948948948948948948948949	596	666
2382483	60617344	0.1051051051051051051051051051	70	666
845099	7540724	0.130081300813008130081300813	192	1476
5654087	7540724	0.199864498644986449864498645	295	1476
3468679	7540724	0.670054200542005420054200542	989	1476
3071898	1864653	0.0473445659670903537294314711	961	20298
5583136	1864653	0.1873583604295989752684993595	3803	20298
5615196	1864653	0.0294117647058823529411764706	597	20298
5823508	1864653	0.7358853088974283180608926988	14937	20298
3071898	3337859	0.2778675282714054927302100162	344	1238
5092770	3337859	0.7221324717285945072697899838	894	1238
3071898	490439	0.5787671232876712328767123288	507	876
3597649	490439	0.4212328767123287671232876712	369	876
3579480	28507949	0.8601864181091877496671105193	1292	1502
5444769	28507949	0.1398135818908122503328894807	210	1502
3579480	8289063	0.0909702370943332772826635278	541	5947
5444769	8289063	0.8755675130317807297797208677	5207	5947
1138619	8289063	0.0334622498738859929376156045	199	5947
3202703	794678	0.487829614604462474645030426	481	986
2307383	794678	0.512170385395537525354969574	505	986
5733422	85676	0.0206952458156501835868580421	868	41942
5814079	85676	0.0084402269801153974536264365	354	41942
2749745	85676	0.0593200133517714939678603786	2488	41942
2050770	85676	0.0634447570454437079776834676	2661	41942
3027919	85676	0.2842973630251299413475752229	11924	41942
5824609	85676	0.1136331123933050402937389729	4766	41942
2344919	85676	0.0158075437508940918411139192	663	41942
3804931	85676	0.1093414715559582280291831577	4586	41942
5640516	85676	0.1904773258309093510085355968	7989	41942
5800746	85676	0.1323255924848600448238043012	5550	41942
5848696	85676	0.0022173477659625196700205045	93	41942
2242045	181793	0.1165851823993982700263256863	310	2659
3753587	181793	0.2884543061301241068070703272	767	2659
320228	181793	0.5949605114704776231666039865	1582	2659
2242045	181805	0.4541622760800842992623814542	431	949
5415526	181805	0.2107481559536354056902002107	200	949
5346976	181805	0.1317175974710221285563751317	125	949
3640481	181805	0.097997892518440463645943098	93	949
5061028	181805	0.1053740779768177028451001054	100	949
2884053	3133954	0.0548902195608782435129740519	110	2004
3720272	3133954	0.9451097804391217564870259481	1894	2004
3819280	13625086	0.4081632653061224489795918367	300	735
3597649	13625086	0.5918367346938775510204081633	435	735
3819280	1775315	0.3114143920595533498759305211	502	1612
5457091	1775315	0.6885856079404466501240694789	1110	1612
5514037	43145457	0.1370449678800856531049250535	128	934
3146489	43145457	0.2869379014989293361884368308	268	934
5827971	43145457	0.5760171306209850107066381156	538	934
3819280	600255	0.0880281690140845070422535211	100	1136
5092770	600255	0.2596830985915492957746478873	295	1136
1010277	600255	0.6522887323943661971830985915	741	1136
1206937	975126	0.05732741219216794509487283	284	4954
5807311	975126	0.94267258780783205490512717	4670	4954
5453651	139534	0.0464751138326267859946616423	296	6369
2621718	139534	0.548908776888051499450463181	3496	6369
5736339	139534	0.1734966242738263463652064688	1105	6369
5467042	139534	0.1752237399905793688177107866	1116	6369
5745202	139534	0.0558957450149159993719579212	356	6369
5453651	199050	0.1118699186991869918699186992	344	3075
5789229	199050	0.139837398373983739837398374	430	3075
5173175	199050	0.1121951219512195121951219512	345	3075
3843250	199050	0.279674796747967479674796748	860	3075
5848573	199050	0.3564227642276422764227642276	1096	3075
5672603	1218150	0.2103448275862068965517241379	976	4640
3049251	1218150	0.7896551724137931034482758621	3664	4640
2519387	127599	0.5832453361492432242168250616	1657	2841
5615196	127599	0.4167546638507567757831749384	1184	2841
5758217	214715	0.0648201027984009137635636779	227	3502
3428539	214715	0.2806967447173043974871501999	983	3502
5750433	214715	0.2281553398058252427184466019	799	3502
3095141	214715	0.4263278126784694460308395203	1493	3502
2095583	251987	0.0547605943863511282333516786	199	3634
1838035	251987	0.0126582278481012658227848101	46	3634
3505159	251987	0.0825536598789212988442487617	300	3634
2315124	251987	0.2014309301045679691799669785	732	3634
3505346	251987	0.0952118877270225646670335718	346	3634
1838562	251987	0.086130985140341221794166208	313	3634
991625	251987	0.4672537149146945514584479912	1698	3634
2095583	5659676	0.32	160	500
3505346	5659676	0.3	150	500
1896988	5659676	0.38	190	500
2095583	5764153	0.1030549898167006109979633401	253	2455
1838035	5764153	0.0615071283095723014256619145	151	2455
3714607	5764153	0.1604887983706720977596741344	394	2455
3505346	5764153	0.1336048879837067209775967413	328	2455
991625	5764153	0.2036659877800407331975560081	500	2455
5375456	5764153	0.1030549898167006109979633401	253	2455
3852723	5764153	0.2346232179226069246435845214	576	2455
3501834	219738	0.1983471074380165289256198347	192	968
1163956	219738	0.8016528925619834710743801653	776	968
3631712	5551832	0.5969316596931659693165969317	428	717
5782564	5551832	0.4030683403068340306834030683	289	717
1892126	557619	0.5059021922428330522765598651	300	593
1145976	557619	0.4940978077571669477234401349	293	593
3631712	591032	0.8041997729852440408626560726	4251	5286
2749745	591032	0.1399924328414680287552024215	740	5286
3804931	591032	0.0558077941732879303821415059	295	5286
2749745	65663	0.1825641025641025641025641026	890	4875
1163956	65663	0.2096410256410256410256410256	1022	4875
5800746	65663	0.6077948717948717948717948718	2963	4875
3631712	76518	0.4277471149021575514300050176	1705	3986
2749745	76518	0.2473657802308078273958855996	986	3986
1163956	76518	0.3248871048670346211741093828	1295	3986
5321731	159302	0.5342205323193916349809885932	281	526
3543081	159302	0.1787072243346007604562737643	94	526
1086934	159302	0.2870722433460076045627376426	151	526
5660529	420392	0.7633872976338729763387297634	3678	4818
5590766	420392	0.165006226650062266500622665	795	4818
5652413	420392	0.0278123702781237027812370278	134	4818
5477798	420392	0.0437941054379410543794105438	211	4818
2273174	236579	0.1220621451681826506318295586	3999	32762
5136633	236579	0.3741529821134240888834625481	12258	32762
2981126	236579	0.0285391612233685367193700018	935	32762
5585871	236579	0.0049752762346621085403821501	163	32762
5836097	236579	0.1825895854953910017703436909	5982	32762
3007796	236579	0.1456260301568890788108174104	4771	32762
1010277	236579	0.136011232525486844514986875	4456	32762
5880301	236579	0.0060435870825956901288077651	198	32762
759718	32701	0.2110228401191658391261171797	2975	14098
1209449	32701	0.1015037593984962406015037594	1431	14098
2941832	32701	0.0042559228259327564193502624	60	14098
5674772	32701	0.6832174776564051638530287984	9632	14098
2273174	55704	0.3609933373712901271956390067	596	1651
1087704	55704	0.0557238037552998182919442762	92	1651
1850641	55704	0.5832828588734100545124167171	963	1651
5741114	2847847	0.7313782991202346041055718475	1247	1705
3008553	2847847	0.2281524926686217008797653959	389	1705
3648194	2847847	0.0404692082111436950146627566	69	1705
2720295	559061	0.3578979160374509211718514044	1185	3311
1165836	559061	0.1063122923588039867109634551	352	3311
5066441	559061	0.5357897916037450921171851404	1774	3311
2720295	89172571	0.6428571428571428571428571429	594	924
3191270	89172571	0.3571428571428571428571428571	330	924
759718	52056	0.4815789473684210526315789474	549	1140
5828333	52056	0.4666666666666666666666666667	532	1140
439070	52056	0.051754385964912280701754386	59	1140
5264811	1929632	0.0805152979066022544283413849	200	2484
2679352	1929632	0.3204508856682769726247987118	796	2484
5585606	1929632	0.5990338164251207729468599034	1488	2484
5264811	9037373	0.2191510365251727541954590326	444	2026
3497916	9037373	0.7808489634748272458045409674	1582	2026
5264811	968811	0.2363295001173433466322459517	1007	4261
3497916	968811	0.7636704998826566533677540483	3254	4261
3185210	24733565	0.5821501014198782961460446247	574	986
3640481	24733565	0.4178498985801217038539553753	412	986
3608724	34306	0.0804016189290161892901618929	2066	25696
3483534	34306	0.9195983810709838107098381071	23630	25696
3024971	851160	0.9092339979013641133263378804	1733	1906
5582645	851160	0.0666316894018887722980062959	127	1906
5291256	851160	0.0241343126967471143756558237	46	1906
2023644	286756	0.0445434298440979955456570156	220	4939
5713342	286756	0.8694067625025308766956873861	4294	4939
5665029	286756	0.0860498076533711277586555983	425	4939
2023644	576289	0.0768436578171091445427728614	521	6780
2493692	576289	0.3060471976401179941002949853	2075	6780
5592535	576289	0.1430678466076696165191740413	970	6780
5789229	576289	0.0271386430678466076696165192	184	6780
5352762	576289	0.0101769911504424778761061947	69	6780
2674536	576289	0.0349557522123893805309734513	237	6780
5848573	576289	0.4017699115044247787610619469	2724	6780
3143777	1416060	0.3950617283950617283950617284	288	729
3032964	1416060	0.6049382716049382716049382716	441	729
538537	187032	0.0070104025327905924920850294	62	8844
1846173	187032	0.7587064676616915422885572139	6710	8844
5772887	187032	0.2342831298055178652193577567	2072	8844
2678192	1918592	0.0578207786224372264455194656	251	4341
5631328	1918592	0.6583736466252015664593411656	2858	4341
5765424	1918592	0.2303616678184750057590416955	1000	4341
5665029	1918592	0.0534439069338862013360976733	232	4341
443207	4439034	0.310675381263616557734204793	713	2295
5753436	4439034	0.2152505446623093681917211329	494	2295
3032964	4439034	0.4740740740740740740740740741	1088	2295
538537	69279374	0.5303100416473854696899583526	1146	2161
2195603	69279374	0.4696899583526145303100416474	1015	2161
998447	1176463	0.4172232485434133863862441381	2936	7037
2195603	1176463	0.0522950120790109421628534887	368	7037
3143777	1176463	0.4652550802898962626119084837	3274	7037
3032964	1176463	0.0652266590876794088389938894	459	7037
998447	1176464	0.0481219657610084319904607785	1130	23482
2419526	1176464	0.0078357891150668597223405161	184	23482
443207	1176464	0.155821480282769781108934503	3659	23482
2195603	1176464	0.1166425347074354824972319223	2739	23482
1829141	1176464	0.0277233625755898134741504131	651	23482
2891820	1176464	0.0067711438548675581296312069	159	23482
3143777	1176464	0.327740396899753002299633762	7696	23482
5166468	1176464	0.309343326803509070777616898	7264	23482
3143777	1176465	0.4349633251833740831295843521	1779	4090
5166468	1176465	0.437652811735941320293398533	1790	4090
3032964	1176465	0.1273838630806845965770171149	521	4090
2195603	1416061	0.6316602316602316602316602317	2454	3885
3805657	1416061	0.3683397683397683397683397683	1431	3885
2195603	1714294	0.2278865631330182309250506415	675	2962
3805657	1714294	0.1681296421336934503713706955	498	2962
3143777	1714294	0.6039837947332883187035786631	1789	2962
998447	199704	0.3766273642839597150577253746	6133	16284
1846173	199704	0.4302382706951608941292065831	7006	16284
2195603	199704	0.1931343650208793908130680423	3145	16284
2195603	2815853	0.6942265655136942265655136942	5399	7777
3143777	2815853	0.3057734344863057734344863058	2378	7777
443207	36051194	0.6327950523964954475176086583	7367	11642
2195603	36051194	0.3672049476035045524823913417	4275	11642
998447	9433273	0.0929162833486660533578656854	101	1087
1846173	9433273	0.9070837166513339466421343146	986	1087
3204059	214706	0.3755323267518389469608981804	970	2583
3640481	214706	0.0356174990321331784746418893	92	2583
5659388	214706	0.0263259775454897406116918312	68	2583
5068388	214706	0.2984901277584204413472706156	771	2583
3095141	214706	0.1738288811459543166860240031	449	2583
5291256	214706	0.0902051877661633759194734804	233	2583
3024971	288905	0.6660268714011516314779270633	694	1042
2096577	288905	0.3339731285988483685220729367	348	1042
5422757	1234953	0.2595011268182749436590862528	10133	39048
2271735	1234953	0.0950368776889981561155500922	3711	39048
3837727	1234953	0.3834255275558287236222085638	14972	39048
5673144	1234953	0.2620364679368981766031550912	10232	39048
3731074	868839	0.4830287206266318537859007833	185	383
5659388	868839	0.5169712793733681462140992167	198	383
2419526	1216497	0.0403800475059382422802850356	68	1684
3032964	1216497	0.9596199524940617577197149644	1616	1684
5630406	327073	0.5582706766917293233082706767	297	532
610583	327073	0.4417293233082706766917293233	235	532
5814079	1729035	0.1965471447543160690571049137	592	3012
2749745	1729035	0.7380478087649402390438247012	2223	3012
5848696	1729035	0.0654050464807436918990703851	197	3012
5814079	1729036	0.11875	171	1440
2749745	1729036	0.3451388888888888888888888889	497	1440
5640516	1729036	0.5361111111111111111111111111	772	1440
5814079	214727	0.0066863219964199220806570496	127	18994
2610053	214727	0.0339054438243655891334105507	644	18994
5782564	214727	0.0455406970622301779509318732	865	18994
5092770	214727	0.4179740970832894598294198168	7939	18994
5498569	214727	0.0026850584395072128040433821	51	18994
5506490	214727	0.21369906286195640728651153	4059	18994
5544015	214727	0.0286932715594398231020322207	545	18994
5697386	214727	0.003685374328735390123196799	70	18994
5823740	214727	0.2471306728440560176897967779	4694	18994
5814079	247701	0.1125356125356125356125356125	79	702
2344919	247701	0.2136752136752136752136752137	150	702
3804931	247701	0.5313390313390313390313390313	373	702
5848696	247701	0.1424501424501424501424501425	100	702
5814079	61518582	0.097664543524416135881104034	46	471
3804931	61518582	0.6963906581740976645435244161	328	471
5640516	61518582	0.2059447983014861995753715499	97	471
5814079	712036	0.1056826056826056826056826057	610	5772
5824609	712036	0.0294525294525294525294525295	170	5772
2344919	712036	0.8648648648648648648648648649	4992	5772
1838035	5468555	0.1291866028708133971291866029	54	418
3505159	5468555	0.8708133971291866028708133971	364	418
3058372	62139	0.0415973377703826955074875208	300	7212
891306	62139	0.0632279534109816971713810316	456	7212
5585871	62139	0.1425402107598447032723239046	1028	7212
3396699	62139	0.4834997226844148641153632834	3487	7212
2488713	62139	0.2691347753743760399334442596	1941	7212
3058372	62254	0.1709574775817182528203644779	591	3457
5865863	62254	0.3239803297656927972230257449	1120	3457
3396699	62254	0.5050621926525889499566097773	1746	3457
891306	856872	0.0434012400354295837023914969	147	3387
5865863	856872	0.7906702096250369058163566578	2678	3387
5585871	856872	0.0250959551225273103041039268	85	3387
2488713	856872	0.1408325952170062001771479185	477	3387
3058372	966262	0.4521034678794769755542922115	3181	7036
3396699	966262	0.5478965321205230244457077885	3855	7036
3058372	966263	0.5048346849656893325015595758	3237	6412
5745202	966263	0.4951653150343106674984404242	3175	6412
3505159	24252496	0.5579268292682926829268292683	183	328
3852723	24252496	0.4420731707317073170731707317	145	328
2419526	147556	0.1753653444676409185803757829	252	1437
3468679	147556	0.2804453723034098816979819068	403	1437
2973746	147556	0.5441892832289491997216423104	782	1437
2419526	59648935	0.0460596379126730564430244941	173	3756
2195603	59648935	0.2651757188498402555910543131	996	3756
5753436	59648935	0.6887646432374866879659211928	2587	3756
2839913	2220115	0.0873955431754874651810584958	251	2872
677993	2220115	0.9126044568245125348189415042	2621	2872
2762210	74063	0.0117087449688986461763629711	96	8199
3060265	74063	0.04842053909013294304183437	397	8199
2839913	74063	0.3205268935236004390779363337	2628	8199
941470	74063	0.6193438224173679717038663252	5078	8199
2762210	9969138	0.0711938663745892661555312158	585	8217
3060265	9969138	0.4805890227576974564926372155	3949	8217
3581213	9969138	0.0194718267007423633929658026	160	8217
677993	9969138	0.2231958135572593403918705124	1834	8217
941470	9969138	0.2055494706097115735669952537	1689	8217
3060265	434561	0.371743722130955174841586482	1584	4261
941470	434561	0.628256277869044825158413518	2677	4261
3060265	8434725	0.5815176558978211870773854245	774	1331
941470	8434725	0.4184823441021788129226145755	557	1331
3720272	198293	0.8010923987255348202093764224	1760	2197
3592754	198293	0.1989076012744651797906235776	437	2197
5106460	40846	0.0085617997996174514983149649	94	10979
2307383	40846	0.2519355132525730940887148192	2766	10979
793581	40846	0.0797886874943073139630203115	876	10979
5061028	40846	0.0168503506694598779488113672	185	10979
3642667	40846	0.4625193551325257309408871482	5078	10979
5251776	40846	0.180344293651516531560251389	1980	10979
5106460	187465	0.0508793969849246231155778894	81	1592
5173175	187465	0.2135678391959798994974874372	340	1592
3450386	187465	0.7355527638190954773869346734	1171	1592
2307383	539902	0.0553732567678424938474159147	270	4876
5684647	539902	0.1962674323215750615258408532	957	4876
793581	539902	0.0701394585726004922067268253	342	4876
5346976	539902	0.14540607054963084495488105	709	4876
3024971	539902	0.0781378178835110746513535685	381	4876
3640481	539902	0.1521739130434782608695652174	742	4876
5659388	539902	0.0596800656275635767022149303	291	4876
2137780	539902	0.0404019688269073010664479081	197	4876
5291256	539902	0.2024200164068908941755537326	987	4876
2678192	731864	0.5340909090909090909090909091	282	528
5406463	731864	0.4659090909090909090909090909	246	528
5791729	144048	0.1192902529672701114974223714	995	8341
5774555	144048	0.8807097470327298885025776286	7346	8341
2928112	4593398	0.4255319148936170212765957447	440	1034
2391318	4593398	0.5744680851063829787234042553	594	1034
2307383	369329	0.6534788540245566166439290587	479	733
5583369	369329	0.3465211459754433833560709413	254	733
5583369	385333	0.2157170923379174852652259332	549	2545
1138619	385333	0.7662082514734774066797642436	1950	2545
3738574	385333	0.0180746561886051080550098232	46	2545
5583369	45638654	0.5139186295503211991434689507	480	934
3648964	45638654	0.4860813704496788008565310493	454	934
2307383	864582	0.0752075533127136578219111183	462	6143
2129356	864582	0.4405013836887514243854794075	2706	6143
3642667	864582	0.0325573823864561289272342504	200	6143
3648964	864582	0.4517336806120787888653752238	2775	6143
5592535	9237427	0.6531365313653136531365313653	354	542
5848573	9237427	0.3468634686346863468634686347	188	542
3631177	629430	0.742961418143899895724713243	2850	3836
3020819	629430	0.257038581856100104275286757	986	3836
3483534	236582	0.444578798871422813381700927	1103	2481
1010277	236582	0.555421201128577186618299073	1378	2481
3483534	391033	0.2778956300381841323716588884	655	2357
3146489	391033	0.2350445481544336020364870598	554	2357
1209449	391033	0.4026304624522698345354263895	949	2357
5377186	391033	0.0844293593551124310564276623	199	2357
3483534	602628	0.7343151099455315715150292516	3640	4957
1010277	602628	0.2656848900544684284849707484	1317	4957
5659537	3795104	0.161894024802705749718151071	718	4435
5514037	3795104	0.4365276211950394588500563698	1936	4435
3146489	3795104	0.4015783540022547914317925592	1781	4435
3642667	40774	0.5141843971631205673758865248	145	282
610583	40774	0.4858156028368794326241134752	137	282
5583136	223731	0.2597276264591439688715953307	267	1028
5531646	223731	0.7402723735408560311284046693	761	1028
5791729	4730024	0.6506159014557670772676371781	581	893
5290187	4730024	0.3493840985442329227323628219	312	893
5791729	484566	0.8772652388797364085667215815	2130	2428
3146489	484566	0.1227347611202635914332784185	298	2428
5791729	674112	0.3061472915398660986001217285	1006	3286
5290187	674112	0.6938527084601339013998782715	2280	3286
1856582	5653440	0.2857142857142857142857142857	100	350
1165836	5653440	0.7142857142857142857142857143	250	350
2519387	41649	0.7194570135746606334841628959	1431	1989
5736339	41649	0.1287078934137757667169431875	256	1989
5576967	41649	0.1518350930115635997988939165	302	1989
3049251	521664	0.6232675346493070138597228055	1484	2381
687697	521664	0.3767324653506929861402771945	897	2381
5060519	1030776	0.5860759493670886075949367089	463	790
5403508	1030776	0.4139240506329113924050632911	327	790
5572167	11059583	0.3424194190210903302825308396	1721	5026
3804931	11059583	0.0493434142459212097095105452	248	5026
5640516	11059583	0.0477516912057302029446876244	240	5026
5813717	11059583	0.5405889375248706725029844807	2717	5026
5848696	11059583	0.0198965380023875845602865101	100	5026
5572167	237789	0.6666666666666666666666666667	1484	2226
5827971	237789	0.3333333333333333333333333333	742	2226
5514037	2077155	0.3416899773051142661107299309	6474	18947
2336135	2077155	0.6583100226948857338892700691	12473	18947
891306	391037	0.0213992573773695524721516514	219	10234
5585871	391037	0.0085010748485440687903068204	87	10234
3396699	391037	0.1739300371311315223763924174	1780	10234
2488713	391037	0.7961696306429548563611491108	8148	10234
891306	62668145	0.8177083333333333333333333333	314	384
5585871	62668145	0.1822916666666666666666666667	70	384
443207	9952293	0.3642892426948360375422730554	9587	26317
2195603	9952293	0.5534065432990082456207014477	14564	26317
5753436	9952293	0.0587832959683854542691036212	1547	26317
5610345	9952293	0.010145533305467948474370179	267	26317
5382853	9952293	0.0133753847323023140935516966	352	26317
593104	2328608	0.0782483847810480976310122039	109	1393
3867807	2328608	0.9217516152189519023689877961	1284	1393
3543081	159298	0.6245210727969348659003831418	652	1044
1086934	159298	0.3754789272030651340996168582	392	1044
3543081	159317	0.6162574404761904761904761905	3313	5376
5801611	159317	0.3837425595238095238095238095	2063	5376
3543081	159319	0.0830743147781859282283130828	294	3539
5801611	159319	0.6058208533484035038146369031	2144	3539
1086934	159319	0.3111048318734105679570500141	1101	3539
3543081	159324	0.6047619047619047619047619048	381	630
1086934	159324	0.3952380952380952380952380952	249	630
3543081	1694896	0.1666666666666666666666666667	96	576
5801611	1694896	0.7465277777777777777777777778	430	576
1086934	1694896	0.0868055555555555555555555556	50	576
3543081	2227785	0.6677631578947368421052631579	203	304
1086934	2227785	0.3322368421052631578947368421	101	304
3543081	4631253	0.4722222222222222222222222222	102	216
1086934	4631253	0.5277777777777777777777777778	114	216
1165933	1350906	0.8780231335436382754994742376	1670	1902
610583	1350906	0.1219768664563617245005257624	232	1902
2468916	155087	0.2753670473083197389885807504	844	3065
2296850	155087	0.5693311582381729200652528548	1745	3065
2610053	155087	0.1553017944535073409461663948	476	3065
5758217	5262194	0.5135699373695198329853862213	246	479
2859570	5262194	0.4864300626304801670146137787	233	479
2239390	5473131	0.2552631578947368421052631579	194	760
5750433	5473131	0.7447368421052631578947368421	566	760
3700298	1389862	0.1909160892994611239414934565	248	1299
5069709	1389862	0.8090839107005388760585065435	1051	1299
5523223	7592079	0.0825783972125435540069686411	237	2870
2344137	7592079	0.1390243902439024390243902439	399	2870
5203494	7592079	0.1742160278745644599303135889	500	2870
3505346	7592079	0.1362369337979094076655052265	391	2870
991625	7592079	0.4679442508710801393728222997	1343	2870
5767966	9037375	0.829832428605145149870191173	3516	4237
5722038	9037375	0.170167571394854850129808827	721	4237
2134865	9038415	0.4736842105263157894736842105	180	380
1838562	9038415	0.5263157894736842105263157895	200	380
5590766	501461	0.4102564102564102564102564103	208	507
5782564	501461	0.5897435897435897435897435897	299	507
5796363	989143	0.4634146341463414634146341463	190	410
5348600	989143	0.5365853658536585365853658537	220	410
5352203	610299	0.3546511627906976744186046512	4636	13072
5093260	610299	0.5370257037943696450428396573	7020	13072
3102462	610299	0.1083231334149326805385556916	1416	13072
5865863	1351207	0.8702422145328719723183391003	1006	1156
3733052	1351207	0.1297577854671280276816608997	150	1156
5865863	968647	0.1053008595988538681948424069	147	1396
3733052	968647	0.8946991404011461318051575931	1249	1396
2195603	1416064	0.0680642165317765689266286321	513	7537
3143777	1416064	0.9319357834682234310733713679	7024	7537
2195603	2815854	0.1288292068820814099874108267	307	2383
3143777	2815854	0.8711707931179185900125891733	2076	2383
2195603	4439039	0.9633469978297564504461056185	11985	12441
5610345	4439039	0.0366530021702435495538943815	456	12441
2195603	63494473	0.7269624573378839590443686007	852	1172
5753436	63494473	0.2730375426621160409556313993	320	1172
3753587	76117	0.1200589970501474926253687316	407	3390
5068388	76117	0.0587020648967551622418879056	199	3390
5615196	76117	0.0864306784660766961651917404	293	3390
5674772	76117	0.2510324483775811209439528024	851	3390
2096577	76117	0.4837758112094395280235988201	1640	3390
5060519	5473130	0.5805770584095707248416608023	3300	5684
5750433	5473130	0.4194229415904292751583391977	2384	5684
5060519	56306055	0.2282471626733921815889029004	181	793
5182767	56306055	0.3619167717528373266078184111	287	793
3191270	56306055	0.4098360655737704918032786885	325	793
636067	1830888	0.1583923525102047936363953529	4540	28663
2018928	1830888	0.4340090011513100512856295573	12440	28663
2221304	1830888	0.0413773854795380804521508565	1186	28663
791658	1830888	0.1453092837455953668492481596	4165	28663
5720280	1830888	0.2209119771133517077765760737	6332	28663
636067	5443125	0.4957983193277310924369747899	295	595
5720280	5443125	0.5042016806722689075630252101	300	595
5821160	125020	0.2747663551401869158878504673	147	535
5382853	125020	0.7252336448598130841121495327	388	535
5583369	3222824	0.8800959232613908872901678657	734	834
3642667	3222824	0.1199040767386091127098321343	100	834
5069709	1105206	0.2831215970961887477313974592	468	1653
3128854	1105206	0.7168784029038112522686025408	1185	1653
5069709	1217985	0.0654512067156348373557187828	499	7624
3128854	1217985	0.9345487932843651626442812172	7125	7624
2787799	2933274	0.8057177989548109437442360898	2621	3253
3191270	2933274	0.1942822010451890562557639102	632	3253
2787799	3100781	0.3287435456110154905335628227	191	581
3191270	3100781	0.6712564543889845094664371773	390	581
5251596	7346456	0.2026473369051370942325874567	643	3173
5715208	7346456	0.7973526630948629057674125433	2530	3173
2610053	61726	0.0069509896324222431668237512	59	8488
3843250	61726	0.0164938737040527803958529689	140	8488
5590124	61726	0.9765551366635249764373232799	8289	8488
5068388	214705	0.9322916666666666666666666667	895	960
3777655	214705	0.0677083333333333333333333333	65	960
3592754	1011069	0.3338301043219076005961251863	448	1342
3642667	1011069	0.6661698956780923994038748137	894	1342
5086754	477606	0.7815699658703071672354948805	3435	4395
5782564	477606	0.2184300341296928327645051195	960	4395
3580723	1434890	0.6788203753351206434316353887	1266	1865
5615196	1434890	0.3211796246648793565683646113	599	1865
5531646	447114	0.1054545454545454545454545455	145	1375
5348600	447114	0.8945454545454545454545454545	1230	1375
5782564	5530895	0.8862559241706161137440758294	561	633
2836432	5530895	0.1137440758293838862559241706	72	633
5531646	10061853	0.6219281663516068052930056711	329	529
5348600	10061853	0.3780718336483931947069943289	200	529
1361259	5036590	0.4150110375275938189845474614	188	453
5129769	5036590	0.5849889624724061810154525386	265	453
1138619	248945	0.5343511450381679389312977099	280	524
3648964	248945	0.4656488549618320610687022901	244	524
5745202	47034	0.2195767195767195767195767196	332	1512
320228	47034	0.7804232804232804232804232804	1180	1512
5745202	838763	0.865	4844	5600
1203332	838763	0.135	756	5600
3396699	391038	0.4885695623775310254735467015	748	1531
2488713	391038	0.5114304376224689745264532985	783	1531
3396699	717837	0.6765138772077375946173254836	6435	9512
2488713	717837	0.3234861227922624053826745164	3077	9512
2137780	41798127	0.2628571428571428571428571429	138	525
5550984	41798127	0.7371428571428571428571428571	387	525
5610345	3231644	0.0920074349442379182156133829	99	1076
5382853	3231644	0.9079925650557620817843866171	977	1076
3143777	23522517	0.8316430020283975659229208925	410	493
5721603	23522517	0.1683569979716024340770791075	83	493
3143777	563457	0.7791612057667103538663171691	1189	1526
3032964	563457	0.2208387942332896461336828309	337	1526
5813717	11860503	0.6577946768060836501901140684	173	263
5848696	11860503	0.3422053231939163498098859316	90	263
