5080377	150875	1	287	287
5709982	32784	0.3771035186129525752167261601	1479	2472
5709982	32785	0.2531871494135645079041305456	993	2472
5720944	1789334	0.3918428357890241298313047192	1835	2348
5720944	2263233	0.1095451633568225496476617553	513	2348
1916818	102798	0.1269674711437565582371458552	242	1282
1916818	158847	0.4092339979013641133263378804	780	1282
1916818	4627633	0.1364113326337880377754459601	260	1282
2108724	240943	0.0383749851948359587824233093	648	6508
2108724	385337	0.07722373563899088001895061	1304	6508
2108724	40773	0.064668956532038374985194836	1092	6508
2108724	40850	0.2051403529551107426270283075	3464	6508
3795307	1001960	0.131310792033348772579898101	567	4044
3795307	30908	0.2420101899027327466419638722	1045	4044
3795307	327073	0.1940713293191292264937471051	838	4044
3795307	365346	0.1146364057433997220935618342	495	4044
3795307	4891205	0.1783232978230662343677628532	770	4044
3795307	4931966	0.0761926817971283001389532191	329	4044
2210407	1146471	1	4061	4061
5804539	150875	0.0331409420964438652020107987	178	5371
5804539	32670	0.8944330664680692608452802085	4804	5371
5804539	369328	0.0724259914354868739527089927	389	5371
2607624	106359	0.6945143432310015098137896326	2760	3867
2607624	181806	0.1950176144942123804730749874	775	3867
2607624	181988	0.0442878711625566180171112229	176	3867
2607624	3250210	0.0317060895822848515349773528	126	3867
2607624	4333622	0.0075490689481630598892803221	30	3867
3239181	181784	0.2905874921036007580543272268	460	1583
3239181	484640	0.7094125078963992419456727732	1123	1583
5583176	147546	0.1409282700421940928270042194	167	894
5583176	199703	0.1341772151898734177215189873	159	894
5583176	433027	0.4793248945147679324894514768	568	894
3566396	1306375	0.7181952662721893491124260355	971	971
5669992	1319227	0.0659595624792840570102751077	199	2262
5669992	294995	0.0599933708982432880344713291	181	2262
5669992	3414648	0.1299303944315545243619489559	392	2262
5669992	46042	0.3636062313556513092475969506	1097	2262
5669992	8917990	0.0646337421279416639045409347	195	2262
5669992	9537587	0.0656281073914484587338415645	198	2262
2270701	1056280	0.9271523178807947019867549669	1400	1480
2270701	4933103	0.0529801324503311258278145695	80	1480
5511230	102981774	0.0777907429015947102294826916	200	200
5720832	1128648	0.3038674033149171270718232044	1980	3713
5720832	40774	0.2659607120933087783916513198	1733	3713
2135343	32670	1	14639	14639
2592698	1143642	0.692200557103064066852367688	497	497
3858908	102798	0.5621711437274993076710052617	2030	3611
3858908	158847	0.1384657989476599279977845472	500	3611
3858908	37512	0.1503738576571586818055940183	543	3611
3858908	607463	0.1489891996676820825256161728	538	3611
5155446	32818	1	1815	1815
2007437	607463	1	222	222
5298106	1176464	0.0298347226733066291364440114	3307	110844
5298106	433027	0.0908213344881094150337411136	10067	110844
5298106	9952293	0.879343942838583955829814875	97470	110844
5843731	32673	0.373027710181332914671481278	4752	12160
5843731	32818	0.3501844728785618965381898108	4461	12160
5843731	90246	0.2313368396263442970405840333	2947	12160
935358	3723430	0.5089058524173027989821882952	200	393
935358	3910225	0.4910941475826972010178117048	193	393
2906288	127599	0.086360896487478765959778618	1576	15356
2906288	198288	0.0636747219025700038358266206	1162	15356
2906288	198293	0.1073483478546769686010192339	1959	15356
2906288	32670	0.1308016877637130801687763713	2387	15356
2906288	32784	0.0273987615759767658501835717	500	15356
2906288	32785	0.2434653953641295413447312181	4443	15356
2906288	32819	0.1084442983177160392350265768	1979	15356
2906288	55703	0.0262480135897857416844758617	479	15356
2906288	90247	0.0477286426653515261110197819	871	15356
484720	591137	0.1901132404181184668989547038	873	873
5089001	32670	0.0952835592896696582012602635	998	10474
5089001	32818	0.5625358029406148558334924575	5892	10474
5089001	32819	0.0953790337979759404239068169	999	10474
5089001	55704	0.0568073324422379224746992553	595	10474
5089001	602628	0.1899942715295016230666412068	1990	10474
3165605	1001960	0.0385986993916509335011537655	368	9534
3165605	1143642	0.700545416404447241451646738	6679	9534
3165605	1306375	0.038703587161736941472624292	369	9534
3165605	4933103	0.0561149569960142647367316971	535	9534
3165605	587751	0.0782462764841619467170127963	746	9534
3165605	6477826	0.0877910635619886721208307111	837	9534
3782610	159298	0.0374643423137876386687797147	591	14940
3782610	86927	0.9096038034865293185419968304	14349	14940
5257240	3723430	0.10901287553648068669527897	762	3838
5257240	3723431	0.1143061516452074391988555079	799	3838
5257240	3910225	0.0998569384835479256080114449	698	3838
5257240	4891205	0.1114449213161659513590844063	779	3838
5257240	4931966	0.1144492131616595135908440629	800	3838
5585796	214727	0.6311793785310734463276836158	3575	5050
5585796	286756	0.2604166666666666666666666667	1475	5050
3583261	1001960	0.5853817707200348053078094409	2691	4115
3583261	13152212	0.0546008266260604742223189036	251	4115
3583261	30908	0.255166412877963889493147705	1173	4115
5289986	1218726	0.0463917525773195876288659794	198	3269
5289986	3250210	0.1932989690721649484536082474	825	3269
5289986	4333622	0.3409090909090909090909090909	1455	3269
5289986	4763103	0.0466260543580131208997188379	199	3269
5289986	484640	0.1387066541705716963448922212	592	3269
5293701	32670	0.6704288939051918735891647856	297	443
5293701	3295794	0.3295711060948081264108352144	146	443
5566023	674112	0.7692307692307692307692307692	310	310
2488837	1008586	0.1011874032008260196179659267	392	3454
2488837	1056280	0.3175012906556530717604543108	1230	3454
2488837	30908	0.4728962312854930304594734125	1832	3454
5125934	1172914	0.2382098171318575553416746872	495	495
1249233	46042	0.9661552346570397111913357401	6423	6648
1249233	46093	0.0338447653429602888086642599	225	6648
3039043	8917990	0.6902485659655831739961759082	361	424
3039043	9537587	0.120458891013384321223709369	63	424
5609974	1494550	0.7592406155616280742125701136	5279	6953
5609974	32818	0.2407593844383719257874298864	1674	6953
970042	106359	0.6836734693877551020408163265	268	392
970042	2667906	0.3163265306122448979591836735	124	392
5735650	10808514	0.0180075889124702553218856518	280	14679
5735650	11059583	0.0381375008039102193067078269	593	14679
5735650	11895150	0.0123480609685510322207215898	192	14679
5735650	12381590	0.0297768345231204579072609171	463	14679
5735650	1729035	0.1443822753874847257058331726	2245	14679
5735650	1729036	0.0112547430702939095761785324	175	14679
5735650	1842903	0.0497138079619268120136343173	773	14679
5735650	214727	0.1095890410958904109589041096	1704	14679
5735650	247701	0.0061740304842755161103607949	96	14679
5735650	282078591	0.0064312817544536626149591614	100	14679
5735650	392682	0.0440542800180075889124702553	685	14679
5735650	4541158	0.0064312817544536626149591614	100	14679
5735650	60674449	0.0062383433018200527365103865	97	14679
5735650	61518582	0.0996205543764872339057174095	1549	14679
5735650	712036	0.17776062769309923467747122	2764	14679
5735650	7514973	0.0064312817544536626149591614	100	14679
5735650	80646857	0.0063669689369091259888095697	99	14679
5735650	8169254	0.0120908096983728857161232234	188	14679
5735650	85676	0.1592385362402726863463888353	2476	14679
2887289	286756	0.8601213040181956027293404094	2269	2332
2887289	3996168	0.0238817285822592873388931008	63	2332
3441705	32670	0.3870396600566572237960339943	2186	4283
3441705	391033	0.0885269121813031161473087819	500	4283
3441705	6298373	0.2827549575070821529745042493	1597	4283
5147041	216794	1	231	231
3793030	1172914	0.0090036014405762304921968788	30	326
3793030	2077155	0.0888355342136854741896758703	296	326
845099	199725	0.0271422481170953531334375444	382	867
845099	60617344	0.0209606366349296575245132869	295	867
845099	7540724	0.0135000710530055421344322865	190	867
3071898	1864653	0.1005422153369481022463206816	649	4138
3071898	3337859	0.2407436096049573973663826491	1554	4138
3071898	490439	0.2997676219984508133230054222	1935	4138
3579480	1322934	0.2985012489592006661115736886	4302	13546
3579480	240943	0.3275742436858173744102137108	4721	13546
3579480	28507949	0.0181792950319178462392450735	262	13546
3579480	385336	0.0688315292811545933943935609	992	13546
3579480	385337	0.1366222592284207604773799611	1969	13546
3579480	40850	0.0902026089369969469886205939	1300	13546
471806	118681	1	4415	4415
5810398	102798	0.6669879518072289156626506024	1384	2075
5810398	37512	0.3330120481927710843373493976	691	2075
3202703	106358	0.4894291754756871035940803383	463	946
3202703	385337	0.5105708245243128964059196617	483	946
3513600	102798	1	1146	1146
5733422	10808513	0.0324853228962818003913894325	83	1494
5733422	1842903	0.0391389432485322896281800391	100	1494
5733422	85676	0.5131115459882583170254403131	1311	1494
2242045	106358	0.0824175824175824175824175824	345	2073
2242045	106359	0.2252747252747252747252747253	943	2073
2242045	181793	0.1318681318681318681318681319	552	2073
2242045	181805	0.0556617295747730530339225991	233	2073
2382483	60617344	0.0291466922339405560882070949	152	152
2884053	3133954	0.1095152603231597845601436266	122	122
3819280	102798	0.0431154381084840055632823366	93	1992
3819280	1775315	0.1335187760778859527121001391	288	1992
3819280	222277	0.0542420027816411682892906815	117	1992
3819280	32670	0.5322206768660176170607324988	1148	1992
3819280	32818	0.0709318497913769123783031989	153	1992
3819280	90246	0.0894761242466388502549837738	193	1992
5596266	639950	0.3634686346863468634686346863	197	197
2095583	1143642	0.2493720846788661643344097596	2085	7385
2095583	32670	0.4091615835426384403779452219	3421	7385
2095583	4933103	0.1394570027508671211577562493	1166	7385
2095583	5764153	0.0559741657696447793326157158	468	7385
2095583	610264	0.0293027149862456643942112188	245	7385
3631712	12334977	0.0410958904109589041095890411	414	6704
3631712	219738	0.0406988286678578518959698233	410	6704
3631712	557619	0.0417907484613857454834226722	421	6704
3631712	591032	0.2112368473297597776454238634	2128	6704
3631712	76518	0.1277546158427635497319833234	1287	6704
3631712	85676	0.2028985507246376811594202899	2044	6704
5425538	240943	0.578397212543554006968641115	498	861
5425538	40850	0.1370499419279907084785133566	118	861
5425538	484640	0.2845528455284552845528455285	245	861
3027517	32670	0.0920851063829787234042553191	1082	10554
3027517	610299	0.8061276595744680851063829787	9472	10554
1895544	215724	1	497	497
2273174	236579	0.6011641910879164993978321959	2995	4982
2273174	32818	0.3988358089120835006021678041	1987	4982
5572203	102798	1	2983	2983
5599772	1322934	0.1691176470588235294117647059	92	389
5599772	40846	0.5459558823529411764705882353	297	389
2621718	139534	0.9416058394160583941605839416	3225	3425
2621718	4891206	0.0583941605839416058394160584	200	3425
2720295	102798	0.3853204335491379937440896196	5297	10803
2720295	1125487	0.0096020950025460100385538663	132	10803
2720295	2263233	0.0428457117916636357023350549	589	10803
2720295	2847846	0.0867825707427074998181421401	1193	10803
2720295	4627633	0.0869280570306248636066050775	1195	10803
2720295	607463	0.0872917727504182730777624209	1200	10803
2720295	7920750	0.0870735433185422273950680148	1197	10803
3437200	1146471	0.6089762393663831035494279847	4152	6570
3437200	32670	0.1616309768260486946318568495	1102	6570
3437200	32671	0.0366676444705192138457025521	250	6570
3437200	32701	0.0834555588149017307128190085	569	6570
3437200	3295794	0.0728952772073921971252566735	497	6570
3869607	102798	0.3001824817518248175182481752	329	329
5264811	32670	0.1847014925373134328358208955	297	1608
5264811	9037373	0.2655472636815920398009950249	427	1608
5264811	968811	0.5497512437810945273631840796	884	1608
3185210	24733565	0.0581145071028842014636246233	405	660
3185210	2667906	0.0365906155832974601808006888	255	660
5226120	102798	1	1800	1800
2023644	286756	0.0365121707235745248416138713	219	5998
2023644	465916	0.9034678226075358452817605869	5419	5998
2023644	576289	0.0600200066688896298766255418	360	5998
2574274	1334927	0.5294604663998896094935835518	3837	7038
2574274	547949	0.406237063612529322478266869	2944	7038
2574274	5764153	0.035462950186283979577756313	257	7038
5829320	215724	0.0917748917748917748917748918	106	1155
5829320	32671	0.0519480519480519480519480519	60	1155
5829320	32819	0.7523809523809523809523809524	869	1155
5829320	434783	0.1038961038961038961038961039	120	1155
3204059	214706	0.6174636174636174636174636175	594	962
3204059	369328	0.3825363825363825363825363825	368	962
5203353	150857	0.0444045750168199147790984526	396	4785
5203353	215724	0.3923525454137699035658219332	3499	4785
5203353	32670	0.0444045750168199147790984526	396	4785
5203353	434783	0.0553935860058309037900874636	494	4785
2679352	32670	0.8487055016181229773462783172	16784	19776
2679352	32673	0.1512944983818770226537216828	2992	19776
5302417	32670	0.1843942505133470225872689938	449	1147
5302417	4531298	0.286652977412731006160164271	698	1147
5422757	1234953	0.8928081016134569172674219018	10403	11302
5422757	32671	0.0771541366289049090284929626	899	11302
2493692	3723431	0.0866647213306098628538079953	297	3427
2493692	3969636	0.0834549168368835716370002918	286	3427
2493692	576289	0.8298803618325065655091917129	2844	3427
3731074	181805	0.1372912801484230055658627087	296	1747
3731074	181806	0.5125231910946196660482374768	1105	1747
3731074	868839	0.1604823747680890538033395176	346	1747
5251730	147546	0.1034430912644715080439031725	688	688
5762823	144048	1	11790	11790
3637124	159317	0.7413793103448275862068965517	172	172
5092855	727627	0.1044973544973544973544973545	632	632
5483941	434783	0.9704904405652535328345802161	4670	4670
5630406	327073	1	890	890
5814079	10808514	0.0229826353421859039836567926	90	2608
5814079	11895150	0.0252808988764044943820224719	99	2608
5814079	12381590	0.0972931562819203268641470889	381	2608
5814079	1729035	0.0454545454545454545454545455	178	2608
5814079	1729036	0.0730337078651685393258426966	286	2608
5814079	247701	0.0204290091930541368743615935	80	2608
5814079	282078591	0.0247701736465781409601634321	97	2608
5814079	4541158	0.0217058222676200204290091931	85	2608
5814079	60674449	0.025025536261491317671092952	98	2608
5814079	61518582	0.0117466802860061287027579162	46	2608
5814079	712036	0.1664964249233912155260469867	652	2608
5814079	7514973	0.0426455566905005107252298264	167	2608
5814079	80646857	0.0242594484167517875383043922	95	2608
5814079	8169254	0.0196629213483146067415730337	77	2608
5814079	85676	0.0451991828396322778345250255	177	2608
3495673	12623075	0.2961992136304062909567496723	226	226
3667636	246183	0.1758415841584158415841584158	888	5050
3667636	32818	0.1336633663366336633663366337	675	5050
3667636	3910180	0.3534653465346534653465346535	1785	5050
3667636	4324783	0.2530693069306930693069306931	1278	5050
3667636	94259	0.083960396039603960396039604	424	5050
1838035	1143642	0.1722627737226277372262773723	118	302
1838035	251987	0.0671532846715328467153284672	46	302
1838035	547949	0.1343065693430656934306569343	92	302
1838035	610264	0.0671532846715328467153284672	46	302
2749745	1729035	0.3961142371801677460452277312	3731	8209
2749745	65663	0.2367554942138231234738294936	2230	8209
2749745	76518	0.0530841915277630321690200658	500	8209
2749745	85676	0.1855823335810595604628941501	1748	8209
3505159	1143642	0.5288518738845925044616299822	1778	3177
3505159	251987	0.0722784057108863771564544914	243	3177
3505159	4933103	0.1597263533610945865556216538	537	3177
3505159	547949	0.1228435455086258179654967281	413	3177
3505159	610264	0.0612730517549077929803688281	206	3177
1186753	141491	1	877	877
3661841	215724	1	2564	2564
5136633	236579	0.7625511743158801982331394096	10617	13923
5136633	32670	0.1896143072613660848954966602	2640	13923
5136633	32701	0.0478345184227537168713639302	666	13923
5169655	181806	1	33	33
5546999	1001960	0.1840450899631476262735746803	849	4319
5546999	1056280	0.6128332972035551701712551485	2827	4319
5546999	1306375	0.1393886841534792976371125081	643	4319
2208144	385337	0.0487955528103767757875231624	79	325
2208144	864582	0.1519456454601605929586164299	246	325
1097656	30908	1	489	489
3060265	2220115	0.4214323890967397113842864778	3154	5505
3060265	434561	0.1060929983965793693212185997	794	5505
3060265	8434725	0.1023516835916622127204703367	766	5505
3060265	9969138	0.1056921432389096739711384286	791	5505
5504006	32670	0.819672131147540983606557377	300	366
5504006	365346	0.180327868852459016393442623	66	366
3720272	198293	0.3748184019370460048426150121	1548	4130
3720272	3133954	0.6251815980629539951573849879	2582	4130
5347741	1331083	1	157	157
5106460	1494550	0.5662514156285390713476783692	500	883
5106460	187465	0.2151755379388448471121177803	190	883
5106460	539902	0.1132502831257078142695356738	100	883
5106460	90246	0.1053227633069082672706681767	93	883
5650187	102798	0.3749053269376420095935369856	1485	2982
5650187	200499	0.251704115122443827316334259	997	2982
5650187	90246	0.1262307498106538752840191871	500	2982
2678192	199725	0.0610987928061098792806109879	248	844
2678192	4531298	0.146834195614683419561468342	596	844
2928112	102798	0.3116357821465525350390367792	3313	9933
2928112	32671	0.6227071771235067256137710469	6620	9933
5741114	102798	0.9543005758870518298346646851	10274	10660
5741114	2263233	0.0358536132268251904142671373	386	10660
2307383	240943	0.3239115568725780715751082744	2842	8774
2307383	369329	0.0281513562799179393663095509	247	8774
2307383	385336	0.0443355368133120583542284021	389	8774
2307383	40846	0.4968087531342603145657624801	4359	8774
2307383	40850	0.0387508547982676088443127422	340	8774
2307383	539902	0.0352176886254843856849783451	309	8774
2307383	864582	0.0328242534761796216093002052	288	8774
2320127	1179055	0.2796759422331806974286720676	1588	2978
2320127	193262	0.2185628742514970059880239521	1241	2978
2320127	4406400	0.0262416343783022190912293061	149	2978
5654087	199725	0.7462184873949579831932773109	444	595
5654087	6783419	0.2537815126050420168067226891	151	595
2918766	155087	0.494490358126721763085399449	359	726
2918766	1588892	0.1363636363636363636363636364	99	726
2918766	3414648	0.1363636363636363636363636364	99	726
2918766	8434190	0.2327823691460055096418732782	169	726
3516121	246183	0.0430077844641969855904598907	779	18113
3516121	32670	0.5397228509910009385524209132	9776	18113
3516121	32671	0.1975928890851874344393529509	3579	18113
3516121	32673	0.0552089659360680174460332358	1000	18113
3516121	6298373	0.1644675095235466239717330094	2979	18113
3548252	1729035	0.2860635696821515892420537897	702	2190
3548252	591032	0.5044824775876120619396903015	1238	2190
3548252	8169254	0.1018744906275468622656886716	250	2190
3483534	236582	0.0269464795728300012417732522	1085	3649
3483534	602628	0.0441574568483794859058735875	1778	3649
3483534	607508	0.0195206755246491990562523283	786	3649
5622454	369328	1	400	400
3244981	1306375	0.4495221027479091995221027479	1505	1775
3244981	4732995	0.0806451612903225806451612903	270	1775
332897	141491	0.4687852576156449793155321549	12465	26590
332897	32670	0.5312147423843550206844678451	14125	26590
3583210	11538018	0.2255790533736153071500503525	448	1986
3583210	3723430	0.0991943605236656596173212487	197	1986
3583210	3910225	0.3418932527693856998992950655	679	1986
3583210	4891205	0.3333333333333333333333333333	662	1986
5659537	141491	0.4446128584059618542377163067	7040	14497
5659537	32670	0.3345964380447139067828723001	5298	14497
5659537	32673	0.0891120373878994568649741064	1411	14497
5659537	3795104	0.0472401162056334470127573576	748	14497
5791729	1218150	0.1281340137563789660528067451	1155	4575
5791729	215724	0.0337253161748391391169292212	304	4575
5791729	434783	0.0423785222986465498114044819	382	4575
5791729	674112	0.250388284890170845351675172	2257	4575
5791729	975126	0.0529176836032837807854448635	477	4575
3468679	7540724	0.1185864763846415222562011553	698	698
793581	36001218	0.0223325062034739454094292804	99	4433
793581	369328	0.2634784570268441236183171667	1168	4433
793581	385336	0.0803067899842093390480487255	356	4433
793581	40846	0.1973832618993909316489961651	875	4433
793581	40850	0.2612226483194225129709000677	1158	4433
793581	539902	0.1752763365666591473043085946	777	4433
1207042	4708239	0.6852459016393442622950819672	209	209
3452749	32671	0.2635777845965019944768333845	859	989
3452749	94259	0.039889536667689475299171525	130	989
3617098	32670	1	350	350
5789229	199050	0.5149253731343283582089552239	552	1072
5789229	4891206	0.1613805970149253731343283582	173	1072
5789229	576289	0.3236940298507462686567164179	347	1072
1856582	1125487	0.3047664901299951853635050554	633	1458
1856582	607463	0.3972075108329321136254212807	825	1458
5572167	1030776	0.2213012198936502971535814826	1415	5423
5572167	11059583	0.0842977791679699718486080701	539	5423
5572167	237789	0.2336565530184548013762902721	1494	5423
5572167	32819	0.3088833281201126055677197373	1975	5423
3469950	215724	0.1437626044367617401325266494	998	2494
3469950	434783	0.2154998559492941515413425526	1496	2494
3470453	420392	0.5753920386007237635705669481	477	477
723374	106359	0.7309833024118738404452690167	394	394
5438401	288905	0.1089976490703141696943791408	510	4679
5438401	3696224	0.0790767257961102799743534943	370	4679
5438401	794678	0.2857448172686471468262449241	1337	4679
5438401	863383	0.5261808078649284035050224407	2462	4679
5514037	2077155	0.4774382336314966913842982077	14358	27020
5514037	2243380	0.1186113789778206364513018322	3567	27020
5514037	32670	0.0798723107106041964552921225	2402	27020
5514037	32671	0.1826555381904033518438466398	5493	27020
5514037	4674432	0.0399029029361886077212117182	1200	27020
5827210	139534	0.8867521367521367521367521368	415	468
5827210	32784	0.1132478632478632478632478632	53	468
2802321	1001960	0.1559382040553588670743482459	969	5942
2802321	1056280	0.2357579658834888960411972964	1465	5942
2802321	30908	0.3266816865143224975860959125	2030	5942
2802321	327073	0.2378500160926939169616993885	1478	5942
1043761	141491	0.1114957791899838755572417718	2351	21086
1043761	32670	0.8885042208100161244427582282	18735	21086
1846173	199703	0.5848924637174331176779157195	3345	5719
1846173	46042	0.4151075362825668823220842805	2374	5719
5556962	12623075	0.2590673575129533678756476684	100	300
5556962	327075	0.5181347150259067357512953368	200	300
5673189	32818	0.5035587188612099644128113879	283	562
5673189	90246	0.4964412811387900355871886121	279	562
3033040	32819	1	8469	8469
3543081	159298	0.0778528989961073550501946322	760	6405
3543081	159302	0.0095267363245236631837738168	93	6405
3543081	159317	0.4142593730792870313460356484	4044	6405
3543081	159319	0.0488629379225568531038721573	477	6405
3543081	159324	0.0368776889981561155500921942	360	6405
3543081	1694896	0.0492726900225363654988731817	481	6405
3543081	2227785	0.0093218602745339069862733047	91	6405
3543081	2624910	0.0101413644744929317762753534	99	6405
5204911	32670	0.213202548057951406505439991	3782	17739
5204911	32818	0.4145667737752973673826033035	7354	17739
5204911	3910180	0.1746998139692203619144258414	3099	17739
5204911	4324783	0.0666892158520773437059586222	1183	17739
5204911	90246	0.130841648345453520491572242	2321	17739
2643334	236579	0.3192783721418082651562827774	3044	9534
2643334	32670	0.6807216278581917348437172226	6490	9534
2468916	155087	0.0456267217630853994490358127	265	655
2468916	8434190	0.0671487603305785123966942149	390	655
5473492	32670	1	11131	11131
3786481	106359	0.3339545285128587402161759225	1792	5366
3786481	1218726	0.0430488259411106969809914275	231	5366
3786481	181806	0.5739843458814759597465523668	3080	5366
3786481	863383	0.0490122996645546030562802833	263	5366
5265557	1537037	0.077192640903338849411077582	793	10273
5265557	215724	0.922807359096661150588922418	9480	10273
5758217	223731	0.1057142857142857142857142857	407	1606
5758217	32784	0.1844155844155844155844155844	710	1606
5758217	32785	0.0649350649350649350649350649	250	1606
5758217	90227	0.0620779220779220779220779221	239	1606
2239390	199703	0.6407407407407407407407407407	173	270
2239390	5473131	0.3592592592592592592592592593	97	270
5698620	1143642	0.9662622649717241045966455604	19991	20629
5698620	2279256	0.0036251147953018512252888008	75	20629
5698620	251987	0.0072018947266663444342404176	149	20629
5698620	4933103	0.0155638261878292812605732515	322	20629
5698620	547949	0.0022234037411184687515104645	46	20629
5698620	587751	0.0022234037411184687515104645	46	20629
5736339	139534	0.1842977313280652561814937548	723	723
2726535	85676	0.3788819875776397515527950311	122	122
443207	1176464	0.0712263376076222134181104873	7371	96066
443207	199703	0.3437726477721839458096185994	35576	96066
443207	36051194	0.0332408901601167296375390146	3440	96066
443207	433027	0.176022109057176263685293805	18216	96066
443207	4439034	0.0133060191135118420671195416	1377	96066
443207	46042	0.2014939074473122227912684685	20852	96066
443207	9952293	0.0892285987611970585677428083	9234	96066
5415526	181805	0.2935560859188544152744630072	246	446
5415526	32670	0.238663484486873508353221957	200	446
825177	144048	0.1751076221828310964801215498	1383	6705
825177	32670	0.6738414788554064320081033173	5322	6705
2050770	85676	1	3985	3985
2984909	1176463	0.0120731286650569161779924112	210	15105
2984909	1176464	0.0154076118201678739795331724	268	15105
2984909	1216497	0.0174772910198919167529033	304	15105
2984909	1416061	0.0064964930435782453719673451	113	15105
2984909	2902917	0.0077038059100839369897665862	134	15105
2984909	433027	0.0123605841094630332298493733	215	15105
2984909	46042	0.7188685753708175232838909969	12504	15105
2984909	9952293	0.0780154076118201678739795332	1357	15105
3027919	85676	1	12291	12291
3824699	1056280	0.7424557752341311134235171696	1427	1922
3824699	1306375	0.2575442247658688865764828304	495	1922
5173175	1537037	0.0493096646942800788954635108	300	4096
5173175	187465	0.0573635765943458251150558843	349	4096
5173175	199050	0.5092044707429322813938198554	3098	4096
5173175	237789	0.0573635765943458251150558843	349	4096
5346976	539902	0.2648532569792412312097351467	370	370
5348759	106359	0.1072374227714033539276257723	243	1951
5348759	110266	0.0834068843777581641659311562	189	1951
5348759	181806	0.4938217122683142100617828773	1119	1951
5348759	76117	0.1765225066195939982347749338	400	1951
5583136	1864653	0.868479355488418932527693857	4312	4965
5583136	3337859	0.131520644511581067472306143	653	4965
1001725	214715	0.635	254	254
2278979	106359	0.5036642238507661558960692871	756	947
2278979	181806	0.1272485009993337774816788807	191	947
5523223	1143642	0.5448763250883392226148409894	2313	4245
5523223	251987	0.1224970553592461719670200236	520	4245
5523223	4933103	0.0709069493521790341578327444	301	4245
5523223	587751	0.1957597173144876325088339223	831	4245
5523223	610264	0.0659599528857479387514723204	280	4245
5675199	1588892	0.6430713857228554289142171566	1072	1072
5801828	369329	1	444	444
2859570	32784	0.4161712247324613555291319857	350	841
2859570	484640	0.223543400713436385255648038	188	841
2859570	55635	0.3602853745541022592152199762	303	841
5491366	102798	1	594	594
2141540	199703	0.1801517067003792667509481669	285	1582
2141540	199704	0.2218710493046776232616940582	351	1582
2141540	199706	0.1750948166877370417193426043	277	1582
2141540	2902917	0.1080910240202275600505689001	171	1582
2141540	433027	0.1890012642225031605562579014	299	1582
2141540	46042	0.1257901390644753476611883692	199	1582
5708609	32670	0.6520560325350203343877089923	1443	2213
5708609	490439	0.3479439674649796656122910077	770	2213
2129356	240943	0.3312080536912751677852348993	987	2881
2129356	385337	0.0197986577181208053691275168	59	2881
2129356	864582	0.6157718120805369127516778523	1835	2881
2315124	1143642	0.3785900783289817232375979112	725	1915
2315124	251987	0.2548302872062663185378590078	488	1915
2315124	4933103	0.1618798955613577023498694517	310	1915
2315124	7592079	0.2046997389033942558746736292	392	1915
5653863	4531298	1	3730	3730
5767966	9037375	0.7191681444462356924068998872	4461	4461
1989229	102798	0.5302982731554160125588697017	5067	8579
1989229	1128648	0.0462585034013605442176870748	442	8579
1989229	1789334	0.1732077446363160648874934589	1655	8579
1989229	40846	0.1480900052328623757195185767	1415	8579
5173679	1918592	0.345009596928982725527831094	719	1082
5173679	4531298	0.0940499040307101727447216891	196	1082
5173679	6783419	0.0801343570057581573896353167	167	1082
5314573	106359	0.0478379964781843083545294463	489	10222
5314573	32818	0.3828018000391312854627274506	3913	10222
5314573	40850	0.5693602034826844061827431031	5820	10222
5590766	385337	0.144832985386221294363256785	555	555
3712152	118681	1	1538	1538
5796363	150857	0.1137813696299447043811144194	535	855
5796363	150875	0.0680561463207145895363675032	320	855
835366	30908	0.1617312072892938496583143508	71	71
5352203	32670	0.099463052927639989772436717	389	3911
5352203	610299	0.900536947072360010227563283	3522	3911
3597649	32670	0.4742009132420091324200913242	2077	3481
3597649	3795104	0.2086757990867579908675799087	914	3481
3597649	600255	0.1118721461187214611872146119	490	3481
5636821	102798	0.4347332576617480136208853575	3830	3830
5654597	159298	0.2591447707367336424523441525	1006	1739
5654597	1694896	0.1117980422462648119526017517	434	1739
5654597	2227785	0.0383822771767130345182895415	149	1739
5654597	2624910	0.0386398763523956723338485317	150	1739
3049251	1218150	0.1034446872723488396295139973	994	7533
3049251	215724	0.3237589759600374648766781143	3111	7533
3049251	32670	0.0271620355916328442085544802	261	7533
3049251	3295794	0.0666042252055364762202102196	640	7533
3049251	434853	0.2194817358726194192944114892	2109	7533
3049251	975126	0.0435008845873660110313247997	418	7533
3146489	32784	0.3433652530779753761969904241	251	531
3146489	391033	0.3830369357045143638850889193	280	531
5359227	32670	1	3032	3032
5435853	139534	0.5210071731810862245644854341	3559	6831
5435853	32671	0.1727419118723466549553506075	1180	6831
5435853	32673	0.1602986385595081247255160299	1095	6831
5435853	602628	0.1459522763870589957546479286	997	6831
1206937	32670	0.442715088629485516645049719	1024	2132
1206937	32671	0.0652831820146995244271508863	151	2132
1206937	975126	0.4137483787289234760051880674	957	2132
2195603	1176464	0.0108222895119745172834165716	1376	82078
2195603	1416061	0.0304691493963584883400841559	3874	82078
2195603	199703	0.3365842148727830429824216446	42795	82078
2195603	199704	0.0214400880884030044437453301	2726	82078
2195603	199706	0.0305242046482362656809154902	3881	82078
2195603	36051194	0.0112312713830665775295921979	1428	82078
2195603	433027	0.0227299539895395021432223052	2890	82078
2195603	46042	0.119603602186480003146014393	15207	82078
2195603	46093	0.0064729246136301073577411617	823	82078
2195603	59648935	0.0019741240316174446498092729	251	82078
2195603	9952293	0.0536946006527979865507884699	6827	82078
3640481	181805	0.0903790087463556851311953353	124	740
3640481	214706	0.129737609329446064139941691	178	740
3640481	24733565	0.1712827988338192419825072886	235	740
3640481	369328	0.0918367346938775510204081633	126	740
3640481	539902	0.0561224489795918367346938776	77	740
5171334	32670	1	8935	8935
5659388	1326150	0.2808342322905429701546206401	1562	4867
5659388	1804344	0.0433297375044947860481841064	241	4867
5659388	181793	0.035958288385472851492268968	200	4867
5659388	214706	0.0266091334052499101042790363	148	4867
5659388	240943	0.0532182668104998202085580726	296	4867
5659388	288905	0.053937432578209277238403452	300	4867
5659388	369328	0.0510607695073714491190219346	284	4867
5659388	387366	0.1601941747572815533980582524	891	4867
5659388	539902	0.1341244156778137360661632506	746	4867
5659388	76117	0.0357784969435454872348076232	199	4867
2271735	32818	1	1533	1533
5093260	2851967	0.0864197530864197530864197531	644	5787
5093260	610299	0.6901502952227589908749329039	5143	5787
5097275	102798	0.5522222222222222222222222222	994	1800
5097275	32671	0.4477777777777777777777777778	806	1800
5060519	32670	0.3430004702931493964571249412	2188	5407
5060519	32818	0.0072111616240790092490986048	46	5407
5060519	32819	0.1114594764069603386110675654	711	5407
5060519	5473130	0.2915817526258034174635522809	1860	5407
5060519	5473131	0.0943721586455557297382034802	602	5407
5227307	1319227	1	3494	3494
636067	1830888	0.7755851307939421753097751262	3380	3380
3539081	1331083	0.1870967741935483870967741935	1015	5425
3539081	32670	0.8129032258064516129032258065	4410	5425
2274131	1176464	0.0757552364777932170243425454	2944	38862
2274131	199703	0.0892388451443569553805774278	3468	38862
2274131	433027	0.0743657042869641294838145232	2890	38862
2274131	46042	0.7606402140908856981112655036	29560	38862
3528714	150799566	0.541958041958041958041958042	155	155
3613304	215724	0.8358617783396544458491361146	3967	4746
3613304	32670	0.1641382216603455541508638854	779	4746
5773033	24737906	0.0492631578947368421052631579	117	1033
5773033	3505535	0.3856842105263157894736842105	916	1033
697413	127599	0.0663231010531032937485995967	592	8926
697413	32670	0.9270669952946448577190230786	8275	8926
697413	32818	0.0066099036522518485323773247	59	8926
5444769	240943	0.4167772372106737431814831196	2827	5653
5444769	385337	0.1943093026684357953707798909	1318	5653
5444769	387366	0.2223205071502285124576146248	1508	5653
5583369	181784	0.4202848807276471597734683371	2449	5648
5583369	181988	0.0329500600652136605457353698	192	5648
5583369	3222824	0.2543332761283679423373948859	1482	5648
5583369	385336	0.0672730392998112236142097134	392	5648
5583369	385337	0.1604599279217436073451175562	935	5648
5583369	864582	0.0339797494422515874377896001	198	5648
2004790	187465	0.4140127388535031847133757962	65	65
2101620	1001960	0.0553626543209876543209876543	287	2360
2101620	1306375	0.0615354938271604938271604938	319	2360
2101620	40850	0.3383487654320987654320987654	1754	2360
3008553	102798	0.3526448362720403022670025189	420	1191
3008553	607463	0.6473551637279596977329974811	771	1191
3805657	1176463	0.0363605827770080194818826888	866	2206
3805657	199703	0.0256119578452365957089473905	610	2206
3805657	199706	0.0306503757820044506025108116	730	2206
5667341	32670	1	9964	9964
2228371	1306375	0.4850657108721624850657108722	406	837
2228371	4891206	0.2520908004778972520908004779	211	837
2228371	4931966	0.2628434886499402628434886499	220	837
2839913	2220115	0.2849067269643866591294516676	504	1671
2839913	74063	0.6596947427925381571509327304	1167	1671
3510844	106358	0.2408553742262239729881823298	428	1777
3510844	106359	0.4817107484524479459763646595	856	1777
3510844	181805	0.2774338773213280810354530107	493	1777
5753436	199703	0.5704714046422589136156975353	9536	14644
5753436	4439034	0.0305096913137114142139267767	510	14644
5753436	4559242	0.1556592486240727446757597511	2602	14644
5753436	59648935	0.0608399138549892318736539842	1017	14644
5753436	639950	0.0284158889686527877482651352	475	14644
5753436	9952293	0.0301507537688442211055276382	504	14644
3596373	240943	1	1347	1347
5149122	40850	1	60	60
3663640	32670	0.5295441089402013025458851391	4472	8445
3663640	32671	0.4704558910597986974541148609	3973	8445
3753587	1804344	0.1473942235958648619844399446	1383	8737
3753587	181784	0.0411382287114995204092507727	386	8737
3753587	2667906	0.1945006927421933283597996376	1825	8737
3753587	288905	0.1281040179047213044868378983	1202	8737
3753587	3696224	0.2226366833635297879143131195	2089	8737
3753587	76117	0.0971970585100714057337738463	912	8737
3753587	794678	0.0592561014600873920920814239	556	8737
3753587	809458	0.0409250772673984866247468827	384	8737
5539437	1056280	1	436	436
2787799	102798	0.8430132876125160737248178311	7867	8342
2787799	37512	0.05090012858979854264894985	475	8342
5722038	32818	0.0895786020691395407519555892	355	1799
5722038	9037375	0.3643704264446126671713348473	1444	1799
2498710	32670	1	59	59
5585871	236579	1	84	84
677993	1001960	0.1186088162227742792766768733	2053	17309
677993	1056280	0.1624588364434687156970362239	2812	17309
677993	2220115	0.1679473106476399560922063666	2907	17309
677993	434561	0.0193540932462880582355999769	335	17309
677993	488221	0.3658212490611820440233404587	6332	17309
677993	9969138	0.1658096943786469466751401005	2870	17309
2296850	155087	0.9633162142333088774761555393	1313	1313
2402068	32670	0.1200249143568981625661787605	1927	15232
2402068	32819	0.7170351915291186546247274992	11512	15232
2402068	634796	0.1116786047960137028962939894	1793	15232
855086	1056280	1	3646	3646
5181367	2077155	0.410041407867494824016563147	3961	5557
5181367	2243380	0.1024844720496894409937888199	990	5557
5181367	4674432	0.0627329192546583850931677019	606	5557
5403342	32670	0.1768574475648773551368645574	995	5626
5403342	32671	0.8231425524351226448631354426	4631	5626
1277045	465916	0.8884390463337831758884390463	1975	2223
1277045	557619	0.1115609536662168241115609537	248	2223
5239292	40773	0.5481758652946679139382600561	1172	1172
5251596	181806	0.4007915567282321899736147757	3038	5499
5251596	198288	0.140369393139841688654353562	1064	5499
5251596	385337	0.0873350923482849604221635884	662	5499
5251596	4333622	0.0395778364116094986807387863	300	5499
5251596	7346456	0.0573878627968337730870712401	435	5499
5821160	199703	0.5775075987841945288753799392	190	190
5824609	712036	0.0352112676056338028169014085	170	4828
5824609	85676	0.9647887323943661971830985915	4658	4828
2610053	155087	0.3642105263157894736842105263	173	417
2610053	214727	0.5136842105263157894736842105	244	417
3837727	1234953	0.9320967207684663795958926797	11256	12076
3837727	32670	0.0679032792315336204041073203	820	12076
5285717	240943	0.3801535974130962004850444624	5643	14844
5285717	4931966	0.6198464025869037995149555376	9201	14844
5403508	1030776	0.326	163	163
1165836	102798	0.2073961937716262975778546713	959	1395
1165836	1443653	0.0307093425605536332179930796	142	1395
1165836	1789334	0.0635813148788927335640138408	294	1395
1323327	1008586	0.2144275314361350099272005295	648	1334
1323327	11538018	0.0337524818001323626737260093	102	1334
1323327	13152212	0.0784248841826604897418927862	237	1334
1323327	3910225	0.0552614162806088682991396426	167	1334
1323327	4931966	0.0595632031767041694242223693	180	1334
3552555	46042	1	2167	2167
5068388	106359	0.105952380952380952380952381	356	2768
5068388	214706	0.2261904761904761904761904762	760	2768
5068388	369328	0.4321428571428571428571428571	1452	2768
5068388	76117	0.0595238095238095238095238095	200	2768
5467042	139534	0.5868055555555555555555555556	1690	1690
2061525	86927	0.512	192	192
2344919	392682	0.0325748502994011976047904192	136	3710
2344919	712036	0.5425149700598802395209580838	2265	3710
2344919	85676	0.3135329341317365269461077844	1309	3710
486761	102798	0.737212721504294668420645361	9527	10533
486761	607463	0.0778457014625087054089607676	1006	10533
2247521	2077155	0.3511399195350916405900759946	4713	7661
2247521	2243380	0.0434361496051259126806735211	583	7661
2247521	32670	0.0672776039338399642378185069	903	7661
2247521	32673	0.0390403814632692594248249143	524	7661
2247521	4674432	0.0698852630010430636268812398	938	7661
3426153	591137	1	1027	1027
3577282	46042	1	1184	1184
3445360	1143642	0.159421734795613160518444666	1599	8857
3445360	369328	0.0134596211365902293120638086	135	8857
3445360	4933103	0.4184446660019940179461615155	4197	8857
3445360	539902	0.1098703888334995014955134596	1102	8857
3445360	547949	0.0743768693918245264207377866	746	8857
3445360	562835	0.0285144566301096709870388833	286	8857
3445360	587751	0.0241276171485543369890329013	242	8857
3445360	7592079	0.0207377866400797607178464606	208	8857
3445360	868839	0.0340977068793619142572283151	342	8857
5173620	106359	0.0156037991858887381275440977	46	2088
5173620	484640	0.0203527815468113975576662144	60	2088
5173620	591137	0.6723202170963364993215739484	1982	2088
2268018	288905	0.2688839911841314365858545382	1342	4221
2268018	539902	0.2642756962532558605489881787	1319	4221
2268018	76117	0.1747144860749348827890202364	872	4221
2268018	809458	0.0789420957723903025445802444	394	4221
2268018	863383	0.0589060308555399719495091164	294	4221
5582645	369328	1	242	242
5827797	55635	0.372972972972972972972972973	69	129
5827797	55703	0.3243243243243243243243243243	60	129
3714607	1143642	0.6813643926788685524126455907	4095	5881
3714607	4933103	0.2186356073211314475873544093	1314	5881
3714607	547949	0.0785357737104825291181364393	472	5881
3804931	11059583	0.0391938182107862662311797977	492	10007
3804931	12334977	0.1186967258822592209033697124	1490	10007
3804931	12381590	0.0101967657133752887755914921	128	10007
3804931	247701	0.0595076874054010993388034733	747	10007
3804931	591032	0.0231817095515016330757587828	291	10007
3804931	61518582	0.0520990998167768660877877798	654	10007
3804931	8169254	0.0080458854457101887994901617	101	10007
3804931	85676	0.4862582649565840834860192783	6104	10007
5757453	327075	0.6783216783216783216783216783	97	97
3497916	9037373	0.338901472253680634201585504	1197	3532
3497916	968811	0.661098527746319365798414496	2335	3532
5203494	1143642	0.4692629546186031541680077245	1458	1458
5401458	214715	0.1475227314900723696418630544	1590	10088
5401458	32670	0.7884579699387641491928001485	8498	10088
5477798	420392	1	291	291
5750433	214715	0.1359468858678469807145115397	430	3163
5750433	32818	0.2013910844135314574770787227	637	3163
5750433	5473130	0.3755927916534935188112551375	1188	3163
5750433	5473131	0.0948466645589630098008220044	300	3163
5750433	90246	0.0932658868163136263041416377	295	3163
5750433	90247	0.098956686689851406892190958	313	3163
5089150	1306375	0.6641350210970464135021097046	787	1185
5089150	226949965	0.3358649789029535864978902954	398	1185
5531646	10061853	0.045289855072463768115942029	200	4416
5531646	1331083	0.1741394927536231884057971014	769	4416
5531646	16838575	0.6680253623188405797101449275	2950	4416
5531646	32701	0.112545289855072463768115942	497	4416
966958	102798	1	544	544
1087704	1143642	0.840984208593463092177745134	2290	2538
1087704	610264	0.0910760190965846492838780757	248	2538
3614380	327075	0.6997654417513682564503518374	895	895
5488378	1143642	1	369	369
5710578	32670	1	2259	2259
5752103	6783419	1	2856	2856
742769	1128648	0.2742226051539124304848437378	7002	23858
742769	420392	0.6601394219472076447090154304	16856	23858
3505346	1143642	0.0480397570403092214246272777	261	5283
3505346	137898421	0.1573716178906681391496410823	855	5283
3505346	251987	0.1271857169151481685993005706	691	5283
3505346	41756999	0.0881649180931345481317872262	479	5283
3505346	4933103	0.1654702742499539849070495122	899	5283
3505346	5764153	0.0581630774894165286213878152	316	5283
3505346	610264	0.2917356893060923983066445794	1585	5283
3505346	7592079	0.0362598932449843548683968342	197	5283
3117267	1143642	0.2585336538461538461538461538	2151	7619
3117267	1334927	0.090625	754	7619
3117267	2279256	0.0449519230769230769230769231	374	7619
3117267	547949	0.0850961538461538461538461538	708	7619
3117267	5764153	0.0286057692307692307692307692	238	7619
3117267	587751	0.3237980769230769230769230769	2694	7619
3117267	7592079	0.0841346153846153846153846154	700	7619
5276927	3996168	0.0363919129082426127527216174	117	234
5276927	4271340	0.0363919129082426127527216174	117	234
5631328	1918592	0.4039675383228133453561767358	1792	4436
5631328	727627	0.5960324616771866546438232642	2644	4436
5092770	102798	0.1408631066717889614547317198	1100	7809
5092770	214727	0.7630938660519912920988602894	5959	7809
5092770	3337859	0.0576258163657318478678447945	450	7809
5092770	600255	0.0384172109104878985785631963	300	7809
1838562	1143642	0.4575123152709359605911330049	743	1624
1838562	251987	0.1785714285714285714285714286	290	1624
1838562	4933103	0.2444581280788177339901477833	397	1624
1838562	547949	0.1194581280788177339901477833	194	1624
2193611	106359	0.3575278476464247215235357528	995	1878
2193611	110266	0.2134387351778656126482213439	594	1878
2193611	4763103	0.1038447718289615522817103845	289	1878
3095141	214706	0.2518620373553340208548183797	2198	6810
3095141	214715	0.0841067950040105419961040449	734	6810
3095141	369328	0.302853214162942591955998625	2643	6810
3095141	76117	0.1415148390053855849661968603	1235	6810
3501834	219738	0.1728778467908902691511387164	167	867
3501834	32447	0.2339544513457556935817805383	226	867
3501834	32670	0.1863354037267080745341614907	180	867
3501834	4271340	0.3043478260869565217391304348	294	867
3642667	198288	0.0091199270405836753305973552	60	4869
3642667	3222824	0.0281197750417996656026751786	185	4869
3642667	40774	0.0455996352029183766529867761	300	4869
3642667	40846	0.6572427420580635354917160663	4324	4869
3727807	181805	0.6697986577181208053691275168	499	745
3727807	484640	0.3302013422818791946308724832	246	745
5254277	1001960	0.0596953478797859201317414574	290	4294
5254277	1002220	0.5580485796624125154384520379	2711	4294
5254277	1056280	0.266158913132976533552902429	1293	4294
3427163	1842903	0.5522388059701492537313432836	111	111
1138619	240943	0.1369908561928512053200332502	824	4303
1138619	387366	0.5554447215295095594347464672	3341	4303
1138619	9233441	0.0229426433915211970074812968	138	4303
5182767	102798	0.5297653450468153970639232459	4583	8651
5182767	2263233	0.0586059415096520633452780025	507	8651
5182767	37512	0.1250722459831233383423881632	1082	8651
5182767	607436	0.0391862212460987169113397295	339	8651
5182767	607463	0.1333949832389319153855045659	1154	8651
5182767	7920750	0.1139752629753785689515662929	986	8651
2941832	32818	0.3432835820895522388059701493	46	46
3815903	106359	1	2424	2424
3871640	1001960	0.1294334408106863196683555965	843	6513
3871640	1002220	0.0640257945647167204053431598	417	6513
3871640	1056280	0.6573007830492860432980193459	4281	6513
3871640	30908	0.1492399815753109166282818977	972	6513
5662180	11057972	0.0493590969963650277405777693	258	4589
5662180	1179055	0.04074995217141763918117467	213	4589
5662180	193262	0.7878324086474076908360436197	4118	4589
5506490	102798	0.1103210077204388459975619667	543	4922
5506490	214727	0.8896789922795611540024380333	4379	4922
5840381	1030776	0.3660418963616317530319735391	332	763
5840381	32818	0.3098125689084895259095920617	281	763
5840381	90246	0.1653803748621830209481808159	150	763
2674536	4891205	0.4284682080924855491329479769	593	1279
2674536	4931966	0.0802023121387283236994219653	111	1279
2674536	4933103	0.1596820809248554913294797688	221	1279
2674536	576289	0.2557803468208092485549132948	354	1279
2932313	8966966	1	3087	3087
5457091	1775315	1	1116	1116
2221304	1830888	0.5006257822277847309136420526	400	799
2221304	32670	0.4993742177722152690863579474	399	799
5407259	141491	0.8728547977913744217281002835	5849	6701
5407259	32670	0.1271452022086255782718997165	852	6701
5772434	1319227	0.5865102639296187683284457478	200	341
5772434	147546	0.2404692082111436950146627566	82	341
5772434	639950	0.1730205278592375366568914956	59	341
1850641	55704	1	196	196
5252432	1319227	1	4473	4473
5615196	106358	0.0622494197087993247520573961	295	4439
5615196	127599	0.3095589786874868115636210171	1467	4439
5615196	147724	0.1892804389111626925511711332	897	4439
5615196	1864653	0.2500527537455159316311458114	1185	4439
5615196	32670	0.1255539143279172821270310192	595	4439
3205303	1151275	0.0414891231217761830006727966	370	8477
3205303	1537036	0.2377214622112581296254765643	2120	8477
3205303	1537037	0.1087687822381699932720340884	970	8477
3205303	215724	0.3876429692756223368468266427	3457	8477
3205303	434783	0.1345593182327876205427225835	1200	8477
3205303	434853	0.0403677954698362861628167751	360	8477
5772887	199703	0.19875	159	159
791658	1830888	1	4372	4372
5176097	1143642	0.3305555555555555555555555556	476	1440
5176097	4933103	0.6694444444444444444444444444	964	1440
5582203	102798	0.1059583037194977493484956172	1789	16884
5582203	1864653	0.7295072257758824923004027482	12317	16884
5582203	32670	0.0881900023691068467187870173	1489	16884
5582203	32819	0.0233949301113480217957829898	395	16884
5582203	3337859	0.0352996920161099265576877517	596	16884
5582203	90246	0.0176498460080549632788438759	298	16884
2137780	41798127	0.2912621359223300970873786408	150	150
3641103	216794	0.6804203368876526039252047597	4403	5114
3641103	32670	0.1098748261474269819193324061	711	5114
3829899	1306375	0.457276368491321762349799733	685	1498
3829899	4732995	0.2336448598130841121495327103	350	1498
3829899	6477826	0.3090787716955941255006675567	463	1498
1086934	102798	0.0248212031973075305006310475	59	2226
1086934	159298	0.0992848127892301220025241902	236	2226
1086934	159302	0.0471182162389566680689945309	112	2226
1086934	159319	0.4829617164493058477071939419	1148	2226
1086934	159324	0.12957509465713083718973496	308	2226
1086934	1694896	0.128312999579301640723601178	305	2226
1086934	2227785	0.0244005048380311316785864535	58	2226
1163956	219738	0.3365051903114186851211072664	778	2312
1163956	65663	0.1124567474048442906574394464	260	2312
1163956	76518	0.5510380622837370242214532872	1274	2312
3860345	102798	1	1194	1194
5640516	11059583	0.0473541577521038368278419626	664	8890
5640516	1729036	0.0433604336043360433604336043	608	8890
5640516	61518582	0.0071316502638710597632292112	100	8890
5640516	85676	0.536157466837826272999572101	7518	8890
1051023	1143642	0.8056178096518750933811444793	16176	19572
1051023	2279256	0.0115543602769062204293042482	232	19572
1051023	251987	0.0163852781513023556950047313	329	19572
1051023	4933103	0.053588326111858160266945565	1076	19572
1051023	587751	0.0139947208526321031923900593	281	19572
1051023	7592079	0.0736092434882215249763434434	1478	19572
3708101	1146471	0.2870190977027401051757542209	2074	7226
3708101	32670	0.7129809022972598948242457791	5152	7226
5774555	144048	0.9593570608495981630309988519	8356	8356
1145976	102798	0.5422231796639379577768203361	2517	4642
1145976	557619	0.3188280913399396811719086601	1480	4642
1145976	607463	0.1389487289961223610512710039	645	4642
3176004	217844	1	215	215
5129769	1143642	1	797	797
3007796	236579	0.7513327804762468901788887573	6342	8441
3007796	391033	0.1124274375074043359791493899	949	8441
3007796	607508	0.1362397820163487738419618529	1150	8441
5837700	1143642	1	1258	1258
991625	1143642	0.4071816221842242212474908929	5477	9363
991625	251987	0.0431194706713255520035685079	580	9363
991625	4933103	0.0529328674447996431492082373	712	9363
991625	547949	0.0440115976507322875622630288	592	9363
991625	610264	0.0113746189874358783733551409	153	9363
991625	7592079	0.1374618987435878373355140882	1849	9363
5328797	1151275	0.0684347945581970592277037241	498	5621
5328797	1172914	0.0618386697815033667720214374	450	5621
5328797	1537036	0.476157757317575924144565068	3465	5621
5328797	215724	0.040950941321973340662360863	298	5621
5328797	434783	0.0497457743575649306032705785	362	5621
5328797	434853	0.0753057578672529888690394393	548	5621
5823508	1864653	0.771520843386911169679646609	20784	26939
5823508	32670	0.228479156613088830320353391	6155	26939
1010277	236579	0.1626348003497522588166715243	1116	4715
1010277	32671	0.1350918099679393762751384436	927	4715
1010277	600255	0.2148061789565724278635966191	1474	4715
1010277	6298373	0.174584669192655202564849898	1198	4715
5544015	214727	1	738	738
5610345	3231644	0.557436517533252720677146312	461	546
5610345	46042	0.1027811366384522370012091898	85	546
5731576	1319227	1	4577	4577
2973746	4531298	0.2519083969465648854961832061	198	198
5066441	607463	0.054186655037069341474051461	497	497
1215598	1929632	0.0553639668189020411967564545	594	10729
1215598	214715	0.0278683940721409264609935688	299	10729
1215598	32670	0.2234131792338521763444869047	2397	10729
1215598	32818	0.0279615994034858793923012396	300	10729
1215598	968811	0.6653928604716189766054618324	7139	10729
3428949	236582	0.3511732669938815302897868621	5223	14873
3428949	602628	0.6488267330061184697102131379	9650	14873
5539294	199703	1	197	197
2891820	199703	0.0539587852494577006507592191	398	3816
2891820	199706	0.0833785249457700650759219089	615	3816
2891820	294995	0.3600867678958785249457700651	2656	3816
2891820	46042	0.0199295010845986984815618221	147	3816
3055115	11057972	0.0214171793119161540214171793	94	2549
3055115	193262	0.5146958304853041695146958305	2259	2549
3055115	4406400	0.0446570972886762360446570973	196	2549
2307857	199703	0.1339154929577464788732394366	2377	16986
2307857	199704	0.0334647887323943661971830986	594	16986
2307857	199706	0.0439436619718309859154929577	780	16986
2307857	433026	0.0105915492957746478873239437	188	16986
2307857	4439034	0.0253521126760563380281690141	450	16986
2307857	46042	0.676	11999	16986
2307857	46093	0.0336901408450704225352112676	598	16986
5666025	226949965	0.1159642401021711366538952746	454	1441
5666025	6477826	0.1254150702426564495530012771	491	1441
5666025	96543331	0.1266922094508301404853128991	496	1441
5848573	199050	0.3040375586854460093896713615	1619	4697
5848573	217844	0.0831924882629107981220657277	443	4697
5848573	576289	0.4948356807511737089201877934	2635	4697
2622425	106359	0.0636252045826513911620294599	311	4888
2622425	181806	0.6992635024549918166939443535	3418	4888
2622425	32818	0.2371112929623567921440261866	1159	4888
2905494	222277	0.0656277436347673397717295874	299	4256
2905494	607508	0.8685250219490781387181738367	3957	4256
5525031	147724	1	618	618
5656720	32670	1	1122	1122
3842918	1001960	0.4593059936908517350157728707	728	1265
3842918	1008586	0.3388012618296529968454258675	537	1265
5765424	102798	0.5323110624315443592552026287	1458	2739
5765424	1918592	0.3322380430814165753924790069	910	2739
5765424	32447	0.1354508944870390653523183644	371	2739
5382853	199703	0.1046263345195729537366548043	588	3323
5382853	3231644	0.0685053380782918149466192171	385	3323
5382853	4559242	0.0339857651245551601423487544	191	3323
5382853	46042	0.2649466192170818505338078292	1489	3323
5382853	46093	0.1192170818505338078291814947	670	3323
5610237	193262	0.2134038800705467372134038801	121	271
5610237	214727	0.2645502645502645502645502646	150	271
320228	1326150	0.0613321609144867003737085074	279	2810
320228	214706	0.089250384699934051439876896	406	2810
320228	369328	0.1519015168168828313915146186	691	2810
320228	41798127	0.0885908990987030116509122884	403	2810
320228	539902	0.2266432182897340074741701473	1031	2810
5585606	1929632	0.2493095656540296259101180015	993	1684
5585606	246183	0.1734873211147376349485312578	691	1684
2053521	10061853	0.5310928817147393490341360148	4014	7017
2053521	16838575	0.0371791479227308811854988092	281	7017
2053521	223731	0.1997883037840698597512569463	1510	7017
2053521	32670	0.0889124106906589044720825615	672	7017
2053521	32818	0.0714474728764223339507806298	540	7017
2474579	198288	0.2670425422860071758072783188	1563	5360
2474579	90227	0.6487271484708696395011105416	3797	5360
3102462	610299	1	1657	1657
5830253	46093	1	120	120
3010519	32670	1	499	499
3788346	32670	1	782	782
3867807	32818	0.0470914127423822714681440443	51	51
3081459	1001960	0.0596949891067538126361655773	548	9180
3081459	1008586	0.1489106753812636165577342048	1367	9180
3081459	1056280	0.6952069716775599128540305011	6382	9180
3081459	488221	0.0961873638344226579520697168	883	9180
3645237	106359	0.0965394853593611357586512866	544	4358
3645237	1326150	0.089086069210292812777284827	502	4358
3645237	28507949	0.0518189884649511978704525288	292	4358
3645237	369328	0.2686779059449866903283052351	1514	4358
3645237	40850	0.0514640638864241348713398403	290	4358
3645237	484640	0.0479148181011535048802129547	270	4358
3645237	76117	0.051286601597160603371783496	289	4358
3645237	9233441	0.1165927240461401952085181899	657	4358
3128854	141491	0.2730740412778421088481711055	4009	4009
5827971	12623075	0.1110244815219086231093092157	1424	10794
5827971	237789	0.0386714486199906440043661313	496	10794
5827971	4324783	0.0201933572430999532200218307	259	10794
5827971	4708239	0.5255730547325744581319195384	6741	10794
5827971	8966966	0.1461094651489162638390768751	1874	10794
864111	118681	0.3594658625888434202024553091	3338	9286
864111	74063	0.6405341374111565797975446909	5948	9286
1851818	32670	0.334077380952380952380952381	1796	5376
1851818	32818	0.665922619047619047619047619	3580	5376
5711754	102981774	0.6786827342613754415125701226	6533	9327
5711754	1319227	0.2902555578641180137128610015	2794	9327
5768437	32670	1	3545	3545
3191270	102798	0.051105398457583547557840617	497	5753
3191270	1443653	0.0504884318766066838046272494	491	5753
3191270	2847846	0.1025192802056555269922879177	997	5753
3191270	37512	0.0480205655526992287917737789	467	5753
3191270	607436	0.0318766066838046272493573265	310	5753
3191270	607463	0.2304370179948586118251928021	2241	5753
3191270	7920750	0.0771208226221079691516709512	750	5753
5427526	106359	0.6372072470172337604949182501	2884	4076
5427526	181806	0.263367211665930181175430844	1192	4076
1275831	32670	0.4224327524953476569108441888	2497	2914
1275831	32671	0.0705464388428353916427000508	417	2914
5147141	6477826	0.6499489390672869624418472711	5728	6617
5147141	96543331	0.1008737092930897537728355838	889	6617
5665029	1918592	0.2637517630465444287729196051	187	463
5665029	286756	0.1368124118476727785613540197	97	463
5665029	3969636	0.1339915373765867418899858956	95	463
5665029	465916	0.118476727785613540197461213	84	463
941470	2220115	0.1298507462686567164179104478	1305	9115
941470	434561	0.1705472636815920398009950249	1714	9115
941470	74063	0.4696517412935323383084577114	4720	9115
941470	8434725	0.0524378109452736318407960199	527	9115
941470	9969138	0.0844776119402985074626865672	849	9115
3444650	139534	0.9277978339350180505415162455	2827	3047
3444650	150799566	0.0722021660649819494584837545	220	3047
3738574	240943	0.5463917525773195876288659794	53	97
3738574	36001218	0.4536082474226804123711340206	44	97
5375456	1143642	0.595609474292316580011554015	1031	1731
5375456	547949	0.404390525707683419988445985	700	1731
5662402	76518	0.5484321949271020571200319553	2746	5007
5662402	85676	0.4515678050728979428799680447	2261	5007
2836432	327075	0.1507936507936507936507936508	247	247
3035133	216794	0.6594529606251878569281635107	2194	2194
5166468	1176464	0.7597198996655518394648829431	7269	7269
782641	2851967	0.1482213438735177865612648221	600	4048
782641	32671	0.1472332015810276679841897233	596	4048
782641	610299	0.7045454545454545454545454545	2852	4048
5749002	102798	0.1979722518676627534685165422	742	3376
5749002	1864653	0.1558164354322305229455709712	584	3376
5749002	24737906	0.292155816435432230522945571	1095	3376
5749002	3505535	0.2161152614727854855923159018	810	3376
5749002	3795104	0.0386872998932764140875133404	145	3376
1011784	159298	0.1743869209809264305177111717	128	433
1011784	1694896	0.4155313351498637602179836512	305	433
3415980	1143642	0.5932475884244372990353697749	738	738
5620762	199703	0.0458146744746813641060971409	133	2481
5620762	294995	0.4240440923182914226662073717	1231	2481
5620762	4559242	0.2431966930761281433000344471	706	2481
5620762	639950	0.044781260764726145366861867	130	2481
5620762	8917990	0.0516706854977609369617636927	150	2481
5620762	9537587	0.0451257320013778849466069583	131	2481
5674772	106359	0.1752124471447924791658114044	4268	24359
5674772	200499	0.0728683443491112114618826717	1775	24359
5674772	32701	0.0952009524200500841578061497	2319	24359
5674772	32784	0.2846997003161049304158627201	6935	24359
5674772	55635	0.1068188349275421815345457531	2602	24359
5674772	634796	0.0901514840510694199269263927	2196	24359
5674772	74063	0.0615378299601789892852744366	1499	24359
5674772	76117	0.0348947001108419885873804343	850	24359
5674772	90246	0.0786157067203087154645100374	1915	24359
5715208	7346456	0.2871287128712871287128712871	290	290
2789268	181784	0.219827586206896551724137931	51	232
2789268	562835	0.780172413793103448275862069	181	232
5291256	369328	0.5510204081632653061224489796	378	546
5291256	539902	0.244897959183673469387755102	168	546
5800746	65663	0.2320490367775831873905429072	1855	7596
5800746	85676	0.7181636227170377783337503127	5741	7596
439070	106359	0.259009009009009009009009009	115	444
439070	181806	0.1036036036036036036036036036	46	444
439070	240943	0.1036036036036036036036036036	46	444
439070	40850	0.4009009009009009009009009009	178	444
439070	90227	0.1328828828828828828828828829	59	444
2584447	102798	0.9260869565217391304347826087	1065	1065
5813717	10808513	0.0151956702747710241465445462	73	4395
5813717	11059583	0.6078268109908409658617818485	2920	4395
5813717	1842903	0.0195670274771024146544546211	94	4395
5813717	85676	0.272273105745212323064113239	1308	4395
2096577	106359	0.212754555198285101822079314	397	1866
2096577	181806	0.2979635584137191854233654877	556	1866
2096577	76117	0.4892818863879957127545551983	913	1866
5697386	214727	1	70	70
3032964	1176464	0.0351806422836752899197145406	631	2738
3032964	1216497	0.0903211418376449598572702944	1620	2738
3032964	433026	0.0072479928635147190008920607	130	2738
3032964	4439034	0.0199041034790365744870651204	357	2738
1896988	1143642	0.3381028086910439851616322205	638	1887
1896988	137898421	0.1181770005299417064122946476	223	1887
1896988	41756999	0.1266560678325384207737148914	239	1887
1896988	4933103	0.132485426603073661897191309	250	1887
1896988	547949	0.1430842607313195548489666137	270	1887
1896988	7592079	0.141494435612082670906200318	267	1887
5484709	1143642	0.3330789774895078214421976345	1746	5242
5484709	41756999	0.0362457077451354444868370851	190	5242
5484709	4933103	0.6306753147653567340709652804	3306	5242
3852723	1143642	0.8043849284495208087173427859	12254	14969
3852723	41756999	0.012931600367598792175397138	197	14969
3852723	4933103	0.1232768806616778259157148484	1878	14969
3852723	610264	0.042011290534331101483523697	640	14969
5823740	214727	1	4665	4665
