5080377	150875	1	173	173
5709982	1785090	0.0733727810650887573964497041	248	1994
5709982	200499	0.0739644970414201183431952663	250	1994
5709982	32784	0.2946745562130177514792899408	996	1994
5709982	32785	0.1479289940828402366863905325	500	1994
5720944	1789334	0.7919646613378207824989482541	3765	3765
1916818	4627633	0.124887690925426774483378257	278	446
1916818	9976532	0.0754716981132075471698113208	168	446
2108724	385336	0.0407437790538692917692097348	596	5779
2108724	385337	0.1170358217117856166256494394	1712	5779
2108724	40850	0.2372846595570139458572600492	3471	5779
3795307	6477826	0.8125	260	260
3614291	3945135	1	1418	1418
5804539	32670	0.9675685050294831772459243843	5579	5766
5804539	369328	0.0324314949705168227540756157	187	5766
2607624	106359	0.6426155580608793686583990981	2280	3095
2607624	181806	0.2212514092446448703494926719	785	3095
2607624	4333622	0.0084554678692220969560315671	30	3095
3239181	181784	0.2026476578411405295315682281	199	982
3239181	484640	0.7973523421588594704684317719	783	982
5583176	147546	0.1192787794729542302357836338	172	1231
5583176	1588892	0.0409153952843273231622746186	59	1231
5583176	433027	0.378640776699029126213592233	546	1231
5583176	46042	0.3148404993065187239944521498	454	1231
3566396	1306357	0.2725180802103879026955950033	829	3042
3566396	1306375	0.1042077580539119000657462196	317	3042
3566396	4732995	0.4000657462195923734385272847	1217	3042
3566396	6477826	0.2232084155161078238001314924	679	3042
5669992	1983298	0.2195972114639814097598760651	567	1587
5669992	199703	0.0774593338497288923315259489	200	1587
5669992	294995	0.0945003872966692486444616576	244	1587
5669992	3414648	0.0766847405112316034082106894	198	1587
5669992	46042	0.0615801704105344694035631294	159	1587
5669992	8712326	0.084817970565453137103020914	219	1587
2270701	1056280	0.9818501170960187353629976581	1677	1677
5511230	1319227	0.0624801776086267047256581034	197	397
5511230	8712326	0.0634316523945448778940691405	200	397
2592698	1143642	0.3088235294117647058823529412	252	252
3858908	102798	0.9474653072783913905409232512	6691	6691
5155446	32818	1	2155	2155
5225673	434783	0.3682432432432432432432432432	109	109
2007437	102798	0.6330275229357798165137614679	345	545
2007437	607436	0.3669724770642201834862385321	200	545
2961618	3990378	1	7462	7462
5843731	32673	0.0654413668133574941755112607	1264	18753
5843731	32818	0.8965053067564069376132539477	17316	18753
5843731	55635	0.0043489515920269220812839762	84	18753
5843731	678286	0.0046078177582190007765984986	89	18753
2906288	198288	0.0248387975660702933430206157	547	17994
2906288	32670	0.094360185269276178367087458	2078	17994
2906288	32785	0.5895014076832258650440468622	12982	17994
2906288	32819	0.0993097811279629461447643266	2187	17994
2906288	55703	0.0090818272636454454636272818	200	17994
3165605	1001960	0.0521535306182244359800761793	356	6826
3165605	1143642	0.9478464693817755640199238207	6470	6826
5203799	11868099	0.1866987179487179487179487179	233	233
5480314	1306375	0.3501563197856185797230906655	1568	4097
5480314	4732995	0.1813309513175524787851719518	812	4097
5480314	6477826	0.3834301027244305493523894596	1717	4097
983124	562835	1	335	335
3583261	1001960	0.3298559364133134624937903626	1328	4026
3583261	30908	0.6701440635866865375062096374	2698	4026
5289986	1218726	0.0354909893343140860610518573	193	4430
5289986	181806	0.072636998896653181316660537	395	4430
5289986	4333622	0.5967267377712394262596542847	3245	4430
5289986	4763103	0.0303420375137918352335417433	165	4430
5289986	484640	0.0794409709452004413387274733	432	4430
5293701	32670	0.7977684797768479776847977685	572	717
5293701	3295794	0.2022315202231520223152022315	145	717
2488837	1002219	0.1217532467532467532467532468	150	1232
2488837	30908	0.8782467532467532467532467532	1082	1232
1249233	46042	0.972358521426234870788354596	5945	6114
1249233	46093	0.027641478573765129211645404	169	6114
3039043	1849595	0.6024096385542168674698795181	100	166
3039043	8917990	0.3975903614457831325301204819	66	166
3557264	32670	0.3708399366085578446909667195	2340	2701
3557264	9976532	0.0572107765451664025356576862	361	2701
5105063	102798	1	1095	1095
5609974	32818	0.0945853324194653872515421522	828	828
970042	106359	0.344956413449564134495641345	277	803
970042	181784	0.2316313823163138231631382316	186	803
970042	2667906	0.0572851805728518057285180573	46	803
970042	369328	0.3661270236612702366127023661	294	803
5147041	216794	0.1733524355300859598853868195	242	242
5589249	1983298	0.0580491344459417435472167513	560	8046
5589249	199703	0.1158909505545765522960505857	1118	8046
5589249	199706	0.0558722919042189281641961231	539	8046
5589249	294995	0.1201409764693687156629003835	1159	8046
5589249	31631091	0.1763242458795480460246708821	1701	8046
5589249	3414648	0.0266404063439411215922048305	257	8046
5589249	46042	0.1299885974914481185860889396	1254	8046
5589249	8712326	0.1511350678967554680211464704	1458	8046
3236614	141491	1	3889	3889
3757797	11868099	0.6994881793809407750426517183	2870	3555
3757797	32670	0.0304655130392395807945405801	125	3555
3757797	9414204	0.1364854984157933219595417987	560	3555
845099	11872846	0.0446982701703420044896342269	677	1665
845099	199725	0.0132048065495840485936881025	200	1665
845099	60617344	0.0393503235177604648091905454	596	1665
845099	7540724	0.0126766142876006866499405784	192	1665
3071898	1864653	0.1604072775830412285094308129	961	2260
3071898	32670	0.0747788349190452345184443332	448	2260
3071898	3337859	0.0574194625271240193623768987	344	2260
3071898	490439	0.0846269404106159238858287431	507	2260
3488760	1001960	0.5412844036697247706422018349	472	872
3488760	5437415	0.4587155963302752293577981651	400	872
3579480	240943	0.4468607041039580985215142876	6740	12406
3579480	28507949	0.0856593515878803951468540741	1292	12406
3579480	385337	0.0450175694490485977590664987	679	12406
3579480	40850	0.2091095935821786116820261221	3154	12406
3579480	8289063	0.0358681959822316515282105682	541	12406
5810398	102798	1	6675	6675
3202703	106358	0.0801630434782608695652173913	59	736
3202703	125348	0.2663043478260869565217391304	196	736
3202703	794678	0.6535326086956521739130434783	481	736
3513600	102798	0.4424356699201419698314108252	3989	3989
5733422	85676	0.3347473968376397994600848438	868	868
2242045	106358	0.0838583532478818162068216381	386	2789
2242045	106359	0.3610688681294807734086465349	1662	2789
2242045	181793	0.0673473821420812513578101238	310	2789
2242045	181805	0.0936345861394742559200521399	431	2789
2382483	11872846	0.025	140	210
2382483	60617344	0.0125	70	210
2884053	3133954	0.1168969181721572794899043571	110	110
3819280	13625086	0.0682128240109140518417462483	300	4236
3819280	1775315	0.1141427921782628467485220555	502	4236
3819280	32670	0.613460663938153706230104593	2698	4236
3819280	32818	0.10163710777626193724420191	447	4236
3819280	600255	0.0227376080036380172805820828	100	4236
3819280	90246	0.0429740791268758526603001364	189	4236
5453651	139534	0.0107593326305841299843698884	296	640
5453651	199050	0.0125040892733815564683217622	344	640
5672603	1218150	1	976	976
2095583	1143642	0.5407064398018522506999784622	5021	8721
2095583	251987	0.0214301098427740684902003015	199	8721
2095583	32670	0.2281929786775791514107258238	2119	8721
2095583	4933103	0.082812836528106827482231316	769	8721
2095583	547949	0.0215377988369588628042214086	200	8721
2095583	5659676	0.0172302390695670902433771269	160	8721
2095583	5764153	0.0272453155287529614473400818	253	8721
3631712	465916	0.0845157310302282541640962369	822	7206
3631712	5551832	0.0440057577626979230927411063	428	7206
3631712	591032	0.4370758790869833436150524368	4251	7206
3631712	76518	0.1753033107135513057783261361	1705	7206
5321731	159302	1	281	281
5425538	1143642	0.2928039702233250620347394541	118	403
5425538	240943	0.7071960297766749379652605459	285	403
5660529	420392	1	3678	3678
2273174	236579	0.382423257148321698383857703	3999	9510
2273174	32818	0.47002008224156067705842976	4915	9510
2273174	55704	0.0569953141436358420196997227	596	9510
5572203	102798	1	4317	4317
2621718	1306375	0.0196489389572963059994760283	75	3817
2621718	139534	0.9159025412627718103222425989	3496	3817
2621718	4891205	0.0644485197799318836782813728	246	3817
2720295	102798	0.3422250388892089646828368958	5940	11889
2720295	1125487	0.1028979662384052543642334505	1786	11889
2720295	4627633	0.0339344356743676902690557124	589	11889
2720295	559061	0.0682721668491098692170305928	1185	11889
2720295	607436	0.0343953448176528201878204759	597	11889
2720295	607463	0.0344529584605634614276660713	598	11889
2720295	7920750	0.0345681857463847439073572622	600	11889
2720295	89172571	0.0342225038889208964682836896	594	11889
759718	200499	0.0384560502283105022831050228	539	11375
759718	32701	0.2122574200913242009132420091	2975	11375
759718	369328	0.0798373287671232876712328767	1119	11375
759718	40850	0.0196917808219178082191780822	276	11375
759718	52056	0.0391695205479452054794520548	549	11375
759718	90246	0.4221603881278538812785388128	5917	11375
5264811	1929632	0.0962000962000962000962000962	200	2079
5264811	32670	0.2058682058682058682058682059	428	2079
5264811	9037373	0.2135642135642135642135642136	444	2079
5264811	968811	0.4843674843674843674843674844	1007	2079
3185210	24733565	0.0959224598930481283422459893	574	574
3608724	32670	0.5247691015952980688497061293	3750	5816
3608724	34306	0.2891127903722362160649314302	2066	5816
2023644	286756	0.0361247947454844006568144499	220	5890
2023644	465916	0.8454844006568144499178981938	5149	5890
2023644	576289	0.08555008210180623973727422	521	5890
2574274	547949	0.569702602230483271375464684	1226	1226
538537	187032	0.0132337246531483457844183565	62	1956
538537	199703	0.0512273212379935965848452508	240	1956
538537	433027	0.0098185699039487726787620064	46	1956
538537	46042	0.0830309498399146211312700107	389	1956
538537	46093	0.0155816435432230522945570971	73	1956
538537	69279374	0.2446104589114194236926360726	1146	1956
998447	1176463	0.0888216608682498865527151717	2936	28241
998447	1176464	0.0341854484949326879443351989	1130	28241
998447	199703	0.4749357132052639540160338829	15699	28241
998447	199704	0.1855392527605505974890334291	6133	28241
998447	199706	0.0277718953259718650733625775	918	28241
998447	46042	0.0271668431402208440477991227	898	28241
998447	46093	0.0128876115564967478445015883	426	28241
998447	9433273	0.003055513538042656179095447	101	28241
3204059	214706	0.3936688311688311688311688312	970	2464
3204059	369328	0.6063311688311688311688311688	1494	2464
2679352	141491	0.1266810871814163453399793097	2694	21266
2679352	1929632	0.0374306404589485563810777767	796	21266
2679352	32670	0.7888648546976394244333678172	16776	21266
2679352	32673	0.0470234176619956738455750964	1000	21266
5302417	32670	0.2371352785145888594164456233	447	447
5422757	1234953	0.8333059210526315789473684211	10133	10133
2493692	1306376	0.1120269763956538029224428625	299	2374
2493692	576289	0.7774447358561258898463844136	2075	2374
3731074	181806	0.8495575221238938053097345133	1728	1972
3731074	4333622	0.029006882989183874139626352	59	1972
3731074	868839	0.0909537856440511307767944936	185	1972
5251730	147546	0.1493875765529308836395450569	683	683
5630406	327073	1	297	297
5667163	1306375	0.8826427122573167197913648218	3046	3451
5667163	1306376	0.0399884091567661547377571718	138	3451
5667163	33781691	0.0773688785859171254708780064	267	3451
5814079	1729035	0.1067821067821067821067821068	592	1979
5814079	1729036	0.0308441558441558441558441558	171	1979
5814079	214727	0.0229076479076479076479076479	127	1979
5814079	247701	0.0142496392496392496392496392	79	1979
5814079	61518582	0.0082972582972582972582972583	46	1979
5814079	712036	0.11002886002886002886002886	610	1979
5814079	85676	0.0638528138528138528138528139	354	1979
1838035	1143642	0.2259036144578313253012048193	225	714
1838035	251987	0.0461847389558232931726907631	46	714
1838035	4933103	0.0461847389558232931726907631	46	714
1838035	5468555	0.0542168674698795180722891566	54	714
1838035	547949	0.1465863453815261044176706827	146	714
1838035	5764153	0.1516064257028112449799196787	151	714
1838035	610264	0.0461847389558232931726907631	46	714
2749745	1729035	0.259423503325942350332594235	2223	7824
2749745	1729036	0.0579997666005368187653168398	497	7824
2749745	591032	0.0863578013770568327692846306	740	7824
2749745	65663	0.1038627611156494340063017855	890	7824
2749745	76518	0.1150659353483486987979927646	986	7824
2749745	85676	0.290348932197455945851324542	2488	7824
3058372	62139	0.0410452866329183198796004925	300	7309
3058372	62254	0.0808592146668490901628129703	591	7309
3058372	966262	0.4352168559310439184566972226	3181	7309
3058372	966263	0.4428786427691886715008893145	3237	7309
3505159	1143642	0.5383944153577661431064572426	1851	3438
3505159	24252496	0.0532286212914485165794066318	183	3438
3505159	251987	0.0872600349040139616055846422	300	3438
3505159	4933103	0.1346713205351948807446189645	463	3438
3505159	5468555	0.1058755090168702734147760326	364	3438
3505159	547949	0.0805700988947062245491564863	277	3438
2419526	1176464	0.012802671861953799053715558	184	13988
2419526	1216497	0.0047314222098524909546340106	68	13988
2419526	147546	0.0539242972446423601447258558	775	13988
2419526	147556	0.0175340940718062900083495686	252	13988
2419526	199703	0.8436543278597272474255496799	12125	13988
2419526	4766563	0.0226134149735596994155301976	325	13988
2419526	59648935	0.0120372947397717784581129975	173	13988
2419526	639950	0.0059838575006957973838018369	86	13988
5136633	236579	0.8821243523316062176165803109	12258	13632
5136633	32670	0.0988773747841105354058721934	1374	13632
5302304	32819	0.5033557046979865771812080537	75	149
5302304	678286	0.4966442953020134228187919463	74	149
5546999	1056280	0.5355318160705991639572689271	1153	2153
5546999	488221	0.3283790060380863910822108686	707	2153
5546999	944313	0.1360891778913144449605202044	293	2153
2762210	74063	0.1409691629955947136563876652	96	681
2762210	9969138	0.8590308370044052863436123348	585	681
1097656	1001960	0.3088414104568351571999305194	1778	5457
1097656	1008586	0.0507208615598401945457703665	292	5457
1097656	30908	0.4597880840715650512419663019	2647	5457
1097656	5437415	0.1285391697064443286433906549	740	5457
3060265	434561	0.1763134461264470169189670525	1584	6704
3060265	74063	0.0441896705253784505788067676	397	6704
3060265	8434725	0.0861531611754229741763134461	774	6704
3060265	9969138	0.4395592163846838824577025824	3949	6704
5430710	5437415	0.6574938574938574938574938575	1338	1338
5504006	32670	0.2504180602006688963210702341	599	2270
5504006	32818	0.6417224080267558528428093645	1535	2270
5504006	592460	0.0568561872909698996655518395	136	2270
3720272	198293	0.4816639299397920087575259989	1760	3654
3720272	3133954	0.5183360700602079912424740011	1894	3654
5106460	187465	0.0335126189491104675217211419	81	175
5106460	40846	0.0388911874224244931733553993	94	175
2678192	1918592	0.066631271568887709052296257	251	533
2678192	731864	0.0748606318024953543934165118	282	533
2928112	102798	0.2599180480536412739802570311	2791	10738
2928112	32670	0.0836282361706090519649841684	898	10738
2928112	32671	0.6154777425963866641832743528	6609	10738
2928112	4593398	0.0409759731793630098714844478	440	10738
5741114	102798	0.8472562469377756001959823616	6917	8164
5741114	2847847	0.1527437530622243998040176384	1247	8164
2307383	240943	0.2409198113207547169811320755	2043	8480
2307383	369329	0.0564858490566037735849056604	479	8480
2307383	385337	0.1047169811320754716981132075	888	8480
2307383	40846	0.3261792452830188679245283019	2766	8480
2307383	40850	0.1258254716981132075471698113	1067	8480
2307383	539902	0.0318396226415094339622641509	270	8480
2307383	794678	0.0595518867924528301886792453	505	8480
2307383	864582	0.0544811320754716981132075472	462	8480
5592535	576289	0.4111911827045358202628232302	970	1324
5592535	9237427	0.1500635862653666807969478593	354	1324
5654087	7540724	0.3199566160520607375271149675	295	295
1056792	1008586	0.3378076062639821029082774049	906	2682
1056792	1056280	0.6621923937360178970917225951	1776	2682
2943262	1056280	0.1938257682548632647307583874	1375	1375
3631177	32670	0.5399017802332719459791282996	5277	8657
3631177	629430	0.2915899324739103744628606507	2850	8657
3631177	90227	0.0542254962144464906895846122	530	8657
3483534	1025692	0.0256129412755918780015165557	912	31754
3483534	1785090	0.0509450388968461257617884124	1814	31754
3483534	236582	0.0309770550734406156092903081	1103	31754
3483534	34306	0.6636335551998202600612239166	23630	31754
3483534	391033	0.0183952593591147808015277895	655	31754
3483534	602628	0.1022270901788974078130704637	3640	31754
5622454	369328	1	784	784
5695337	125348	0.5372124492557510148849797023	1191	1191
3244981	1306375	0.2030286034772854739203589456	362	1048
3244981	4732995	0.3847448121144139091418956814	686	1048
332897	141491	0.2254703328509406657018813314	4674	20730
332897	32670	0.7745296671490593342981186686	16056	20730
3583210	4891205	0.1918639951426836672738312083	316	316
5659537	141491	0.4280239520958083832335329341	8935	19356
5659537	32670	0.3953053892215568862275449102	8252	19356
5659537	32671	0.0695089820359281437125748503	1451	19356
5659537	3795104	0.0343952095808383233532934132	718	19356
5684647	539902	0.4516281264747522416234072676	957	957
5791729	1025692	0.060807811806480248557478917	548	6118
5791729	144048	0.1104083444296493564136706613	995	6118
5791729	215724	0.047270306258322237017310253	426	6118
5791729	32673	0.0343985796715490457168220151	310	6118
5791729	434783	0.013537505548158011540168664	122	6118
5791729	4730024	0.0644695960940967598757212605	581	6118
5791729	484566	0.236351531291611185086551265	2130	6118
5791729	674112	0.1116289391921881935197514425	1006	6118
3468679	147556	0.0693990012054417082831065955	403	1589
3468679	4766563	0.0339245737902531427587394524	197	1589
3468679	7540724	0.1703116927845703461339762356	989	1589
5826884	199703	0.5597014925373134328358208955	75	75
793581	369328	0.133709981167608286252354049	568	4248
793581	385336	0.0355461393596986817325800377	151	4248
793581	40846	0.2062146892655367231638418079	876	4248
793581	40850	0.5440207156308851224105461394	2311	4248
793581	539902	0.0805084745762711864406779661	342	4248
1207042	32670	1	178	178
3452749	32671	0.1917808219178082191780821918	420	420
5789229	102798	0.2901734104046242774566473988	251	865
5789229	199050	0.4971098265895953757225433526	430	865
5789229	576289	0.2127167630057803468208092486	184	865
1856582	1125487	0.4695	939	1840
1856582	5653440	0.05	100	1840
1856582	607463	0.4005	801	1840
2519387	127599	0.1390100671140939597315436242	1657	9966
2519387	215724	0.2678691275167785234899328859	3193	9966
2519387	32447	0.0413590604026845637583892617	493	9966
2519387	32670	0.0666946308724832214765100671	795	9966
2519387	41649	0.1200503355704697986577181208	1431	9966
2519387	434783	0.2010906040268456375838926174	2397	9966
5572167	11059583	0.3039025251633409853434575313	1721	4688
5572167	237789	0.2620519159456118665018541409	1484	4688
5572167	32784	0.088292424509977043969627406	500	4688
5572167	32819	0.1735829065866148684442874801	983	4688
723374	106359	1	382	382
5514037	2077155	0.2307116638751291828516446313	6474	25181
5514037	32670	0.141370585510138626563557963	3967	25181
5514037	32671	0.389294750721642136773457824	10924	25181
5514037	32818	0.0215601724813798510388083105	605	25181
5514037	32819	0.0177470510673176294501265101	498	25181
5514037	3295794	0.023128185025480203841630733	649	25181
5514037	3795104	0.0689925519404155233241865935	1936	25181
5514037	43145457	0.004561491037382844517301593	128	25181
891306	391037	0.1823480432972522897585345545	219	1136
891306	62139	0.3796835970024979184013322231	456	1136
891306	62668145	0.2614487926727726894254787677	314	1136
891306	856872	0.1223980016652789342214820983	147	1136
1043761	141491	0.2832208949681252707804666708	4576	16157
1043761	32670	0.7167791050318747292195333292	11581	16157
1846173	187032	0.1775555026329020137069672673	6710	37192
1846173	199703	0.1244740811304278796538858458	4704	37192
1846173	199704	0.1853880553570956047736233495	7006	37192
1846173	199706	0.0342144955148051123283321426	1293	37192
1846173	199725	0.1219073324336482231219073324	4607	37192
1846173	46042	0.3145193299992061601968722712	11886	37192
1846173	9433273	0.0260908681961313540260908682	986	37192
2938306	125348	0.0752241417012901815001093374	344	4514
2938306	32670	0.9118740432976164443472556309	4170	4514
593104	2328608	0.5093457943925233644859813084	109	214
593104	32670	0.4906542056074766355140186916	105	214
3543081	159298	0.0814694489566412595276771211	652	5135
3543081	159302	0.0117455954017243533674871923	94	5135
3543081	159317	0.4139697613394976883668624266	3313	5135
3543081	159319	0.036736223916031488191928027	294	5135
3543081	159324	0.0476071473197550918405597901	381	5135
3543081	1694896	0.0119955016868674247157316006	96	5135
3543081	2227785	0.0253654879420217418468074472	203	5135
3543081	4631253	0.0127452205422966387604648257	102	5135
5671292	385336	0.1095305832147937411095305832	385	761
5671292	40850	0.106970128022759601706970128	376	761
1165933	1350906	1	1670	1670
2468916	155087	0.1159818606568640923457468737	844	844
3786481	106359	0.2367229312474269246603540552	1150	4562
3786481	1218726	0.2741869081926718814326883491	1332	4562
3786481	181806	0.3674351585014409221902017291	1785	4562
3786481	484640	0.0607245780156442980650473446	295	4562
3876634	32670	1	250	250
5758217	214715	0.0643606464417351857102353275	227	2170
5758217	32784	0.1375106322653813439183442019	485	2170
5758217	32785	0.2755883186844343634817125035	972	2170
5758217	5262194	0.0697476609016161043379642756	246	2170
5758217	90227	0.0680464984406010774028919762	240	2170
2239390	1849595	0.0859977949283351708930540243	156	1641
2239390	199703	0.6637265711135611907386990077	1204	1641
2239390	3414648	0.0479603087100330760749724366	87	1641
2239390	5473131	0.1069459757442116868798235943	194	1641
5698620	1143642	0.9729662389435654665503924256	15620	15994
5698620	4933103	0.0232963747352684689174037623	374	15994
5736339	139534	0.302573932092004381161007667	1105	1361
5736339	41649	0.0700985761226725082146768894	256	1361
2981126	236579	1	935	935
3700298	1389862	0.0940106141015921152388172858	248	248
443207	1176464	0.0286009082879319643876091392	3659	117426
443207	199703	0.3758998850961049924569892053	48090	117426
443207	36051194	0.0575848295592224054778673212	7367	117426
443207	433027	0.2153236459709379128137384412	27547	117426
443207	4439034	0.0055732297374406916120156644	713	117426
443207	46042	0.159950911805398138087905388	20463	117426
443207	9952293	0.0749376626828105336387015078	9587	117426
5415526	181805	0.1274697259400892288081580625	200	986
5415526	32670	0.2460165710643722115997450605	386	986
5415526	37512	0.2549394518801784576163161249	400	986
5609819	9414204	0.4596622889305816135084427767	490	490
2050770	85676	1	2661	2661
3027919	85676	1	11924	11924
5173175	187465	0.0547151593176697779208239459	340	1367
5173175	199050	0.0555197940135178628902478275	345	1367
5173175	32784	0.1097521725136787898294174445	682	1367
5346976	181805	0.1238850346878097125867195243	125	834
5346976	539902	0.7026759167492566897918731417	709	834
5352762	576289	1	69	69
3581213	9969138	0.1588877855014895729890764647	160	160
5583136	1864653	0.8604072398190045248868778281	3803	4420
5583136	223731	0.0604072398190045248868778281	267	4420
5583136	3295794	0.0791855203619909502262443439	350	4420
2278979	106358	0.3192346424974823766364551863	317	873
2278979	106359	0.3826787512588116817724068479	380	873
2278979	181806	0.1772406847935548841893252769	176	873
5523223	1143642	0.5304829770387965162311955661	2010	3542
5523223	4933103	0.2380575349696489839007653734	902	3542
5523223	587751	0.1037212984956452889944576405	393	3542
5523223	7592079	0.0625494853523357086302454473	237	3542
5675199	1588892	0.5655339805825242718446601942	1864	1864
5828333	52056	0.3757062146892655367231638418	532	1416
5828333	90227	0.6242937853107344632768361582	884	1416
2859570	240943	0.1181121226641111643507426929	493	2969
2859570	32785	0.0589362721609966459032103498	246	2969
2859570	5262194	0.055821753713464302827024437	233	2969
2859570	55635	0.4784379492093914710110206037	1997	2969
3024971	1326150	0.1306504961411245865490628445	474	3582
3024971	2667906	0.0826901874310915104740904079	300	3582
3024971	288905	0.1912899669239250275633958104	694	3582
3024971	539902	0.1050165380374862183020948181	381	3582
3024971	851160	0.4776736493936052921719955899	1733	3582
5491366	102798	1	597	597
5708609	32670	1	7676	7676
5713342	286756	0.330995143760117166422569953	4294	4388
5713342	465916	0.007245818237878671086101904	94	4388
2129356	240943	0.4470186781609195402298850575	2489	5377
2129356	385337	0.0326867816091954022988505747	182	5377
2129356	864582	0.4859913793103448275862068966	2706	5377
2315124	1143642	0.2042000552638850511190936723	739	3619
2315124	251987	0.2022658192870958828405636916	732	3619
2315124	4933103	0.5935341254490190660403426361	2148	3619
5767966	32670	0.1951839664971582411008076578	1305	4821
5767966	9037375	0.5258749626084355369428656895	3516	4821
2134865	9038415	1	180	180
5601023	32670	0.1096551724137931034482758621	636	4369
5601023	3990378	0.6436206896551724137931034483	3733	4369
5863906	32671	0.3733670459334176148335440371	886	1715
5863906	32819	0.3493468183733670459334176148	829	1715
5590766	385337	0.4479830148619957537154989384	1688	2691
5590766	420392	0.2109872611464968152866242038	795	2691
5590766	501461	0.0552016985138004246284501062	208	2691
1027797	32670	0.9478424801005446166736489317	18100	19096
1027797	32818	0.0521575198994553833263510683	996	19096
5796363	150875	0.1279519106912838127951910691	596	786
5796363	989143	0.0407900386431945040790038643	190	786
835366	30908	0.3617571059431524547803617571	140	140
5352203	32670	0.0778081123244929797191887676	399	5128
5352203	32819	0.0181357254290171606864274571	93	5128
5352203	610299	0.9040561622464898595943837754	4636	5128
3597649	13625086	0.0953320184089414858645627876	435	4563
3597649	32670	0.8238001314924391847468770546	3759	4563
3597649	490439	0.0808678500986193293885601578	369	4563
5636821	102798	0.1634417455743104158089748868	1588	1588
5865863	1351207	0.1774250440917107583774250441	1006	4951
5865863	62254	0.1975308641975308641975308642	1120	4951
5865863	856872	0.4723104056437389770723104056	2678	4951
5865863	968647	0.0259259259259259259259259259	147	4951
2344137	1143642	0.6672704630363409939997735764	5894	8148
2344137	547949	0.0324917921430997396128155779	287	8148
2344137	587751	0.1775161326842522359334314502	1568	8148
2344137	7592079	0.0451715159062606136080606815	399	8148
3049251	1218150	0.3373538348218396096123745511	3664	8090
3049251	215724	0.2154497744222447288463309088	2340	8090
3049251	434783	0.055427677009483472976705644	602	8090
3049251	521664	0.1366356689070987938495534481	1484	8090
3428539	102798	0.1438555620267909143855562027	494	2782
3428539	214715	0.2862550960978450786255096098	983	2782
3428539	32670	0.053290623179965055329062318	183	2782
3428539	32784	0.1025043680838672102504368084	352	2782
3428539	32818	0.2242283051834595224228305183	770	2782
3146489	32670	0.0600878206609660272706263	260	3746
3146489	32671	0.07811416685925583545181419	338	3746
3146489	32673	0.057083429627917725907094985	247	3746
3146489	3795104	0.4116015715276172868037901548	1781	3746
3146489	391033	0.1280332794083660734920268084	554	3746
3146489	43145457	0.0619366766813034434943378784	268	3746
3146489	484566	0.0688698867575687543332562977	298	3746
5359227	32670	1	4507	4507
1206937	215724	0.0164643119941133186166298749	179	9444
1206937	32670	0.7519315673289183222958057395	8175	9444
1206937	434783	0.0741353936718175128771155261	806	9444
1206937	975126	0.0261221486387049300956585725	284	9444
2195603	1176463	0.0027995861481346235773842128	368	103823
2195603	1176464	0.0208371371188606901588460836	2739	103823
2195603	1416061	0.0186689793682672996165784188	2454	103823
2195603	1416064	0.0039026839510681029760817966	513	103823
2195603	1714294	0.0051351104619317144422128903	675	103823
2195603	199703	0.1981924411174000365163410626	26052	103823
2195603	199704	0.0239258109670744324751993184	3145	103823
2195603	199706	0.0429447386038585600389507638	5645	103823
2195603	2815853	0.0410732761243990018866776216	5399	103823
2195603	2815854	0.0023355243137970908648286775	307	103823
2195603	36051194	0.0325223662589008581340149717	4275	103823
2195603	433027	0.0478364067920394376483476356	6288	103823
2195603	4439039	0.0911767390907431075406244294	11985	103823
2195603	46042	0.0962053435579088308684803116	12646	103823
2195603	46093	0.0297075649686568072545797578	3905	103823
2195603	59648935	0.0075771407704947964213985759	996	103823
2195603	63494473	0.0064816505386160306737264926	852	103823
2195603	69279374	0.0077216846205343557908830868	1015	103823
2195603	9952293	0.1107966648408496135353904205	14564	103823
3640481	181805	0.0383505154639175257731958763	93	1339
3640481	214706	0.0379381443298969072164948454	92	1339
3640481	24733565	0.1698969072164948453608247423	412	1339
3640481	539902	0.3059793814432989690721649485	742	1339
5171334	32670	1	12210	12210
5659388	1326150	0.2118689105403011514614703277	1196	4590
5659388	181784	0.0531443755535872453498671391	300	4590
5659388	214706	0.0120460584588131089459698849	68	4590
5659388	2667906	0.035429583702391496899911426	200	4590
5659388	369328	0.0141718334809565987599645704	80	4590
5659388	385336	0.0283436669619131975199291408	160	4590
5659388	387366	0.371479185119574844995571302	2097	4590
5659388	539902	0.0515500442869796279893711249	291	4590
5659388	868839	0.0350752878653675819309123118	198	4590
1209449	32701	0.1768194736191770666007660942	1431	6351
1209449	32818	0.4906709502038798962065982948	3971	6351
1209449	391033	0.117261831212158655628320771	949	6351
2271735	1234953	0.5456550507278341420379355977	3711	5137
2271735	32818	0.2096750477870901338038523747	1426	5137
5093260	32671	0.0363577863577863577863577864	339	7359
5093260	610299	0.7528957528957528957528957529	7020	7359
5097275	102798	0.8687782805429864253393665158	2688	3094
5097275	32671	0.1312217194570135746606334842	406	3094
5060519	1030776	0.0705362583790371724558196222	463	5899
5060519	32670	0.2597501523461304082876294942	1705	5899
5060519	32818	0.0143205362583790371724558196	94	5899
5060519	5473130	0.5027422303473491773308957952	3300	5899
5060519	56306055	0.0275746496039000609384521633	181	5899
5060519	90246	0.0237659963436928702010968921	156	5899
5227307	1319227	1	1792	1792
5652413	420392	0.1729032258064516129032258065	134	134
636067	1830888	0.7810080853259934629279201789	4540	4835
636067	5443125	0.0507483227249268880096335799	295	4835
2018928	1830888	0.9937689726793417478830484103	12440	12440
2274131	199703	0.1099095297127634320681560415	4167	37913
2274131	433027	0.0811858729195790362144910717	3078	37913
2274131	46042	0.8089045973676575317173528869	30668	37913
3613304	32670	0.5120820112277276055650475958	2098	4097
3613304	32818	0.1462045399072492067366365633	599	4097
3613304	434783	0.3417134488650231876983158409	1400	4097
697413	32670	0.9937954374529957382802707445	15857	15956
697413	32818	0.0062045625470042617197292555	99	15956
5444769	240943	0.0548771061987942494976039573	355	6131
5444769	28507949	0.0324625135260473025197093832	210	6131
5444769	387366	0.0554954397897665790694079456	359	6131
5444769	8289063	0.8049157520482300200958417066	5207	6131
5583369	181784	0.1052433753053937229844014283	560	3845
5583369	3222824	0.1379439954895696297688404435	734	3845
5583369	369329	0.047735388084946438639353505	254	3845
5583369	385333	0.103176094719037774854350686	549	3845
5583369	385336	0.1409509490697237361398233415	750	3845
5583369	385337	0.0973501221574891937605713212	518	3845
5583369	45638654	0.0902086074046231911294869385	480	3845
2101620	40850	0.4992358634742740703005603668	1960	1960
3008553	102798	0.2911245353159851301115241636	1253	4304
3008553	2847847	0.0903810408921933085501858736	389	4304
3008553	607463	0.6184944237918215613382899628	2662	4304
3805657	1416061	0.0610286591606960081883316274	1431	15943
3805657	1714294	0.0212384851586489252814738997	498	15943
3805657	1983298	0.51991641078130330945069942	12191	15943
3805657	199703	0.0136472193790515182531559195	320	15943
3805657	199706	0.0640992835209825997952917093	1503	15943
5667341	32670	1	999	999
2228371	1002219	0.3829401088929219600725952813	211	438
2228371	13152212	0.4119782214156079854809437387	227	438
2839913	2220115	0.0782418952618453865336658354	251	2879
2839913	74063	0.8192019950124688279301745636	2628	2879
5753436	1983298	0.0569123907685413399058928972	1016	16829
5753436	199703	0.4030920905220703562626036298	7196	16829
5753436	4439034	0.0276719695272238404660542236	494	16829
5753436	4559242	0.2055231906789155276719695272	3669	16829
5753436	59648935	0.1449137351557248487564418553	2587	16829
5753436	63494473	0.0179251624467846739861079991	320	16829
5753436	9952293	0.0866569572036746583015908582	1547	16829
1829141	1176464	0.6326530612244897959183673469	651	651
3596373	240943	1	3570	3570
3753587	181784	0.1366965973534971644612476371	1157	2331
3753587	181793	0.0906190926275992438563327032	767	2331
3753587	76117	0.0480860113421550094517958412	407	2331
5069709	1105206	0.082831858407079646017699115	468	3608
5069709	1217985	0.0883185840707964601769911504	499	3608
5069709	1389862	0.1860176991150442477876106195	1051	3608
5069709	55703	0.187433628318584070796460177	1059	3608
5069709	90246	0.0939823008849557522123893805	531	3608
5539437	1056280	1	818	818
2787799	102798	0.4631796283551273227804542326	3365	6896
2787799	102838	0.032209222298692360633172746	234	6896
2787799	2933274	0.360770818995182381280110117	2621	6896
2787799	3100781	0.0262904335856847900894700619	191	6896
2787799	37512	0.0667584308327598072952512044	485	6896
5722038	32670	0.106212941479762825470482083	412	1192
5722038	32818	0.0152101056973446764630059294	59	1192
5722038	9037375	0.1858726475895849445733436453	721	1192
5406463	731864	1	246	246
5585871	236579	0.101938711694809255784865541	163	1599
5585871	32670	0.1038148843026891807379612258	166	1599
5585871	391037	0.0544090056285178236397748593	87	1599
5585871	62139	0.6429018136335209505941213258	1028	1599
5585871	62668145	0.0437773608505315822388993121	70	1599
5585871	856872	0.0531582238899312070043777361	85	1599
677993	1001960	0.1296989808011377103579047168	2736	21095
677993	1002219	0.0073477127281346290590187248	155	21095
677993	1056280	0.2662242237497037212609623133	5616	21095
677993	2220115	0.1242474520028442758947617919	2621	21095
677993	488221	0.2336572647546812040767954492	4929	21095
677993	944313	0.1518843327802796871296515762	3204	21095
677993	9969138	0.0869400331832187722209054278	1834	21095
2296850	155087	0.9732292247629670942554378137	1745	1745
2402068	32819	0.9076994195901176228876675741	17672	19469
2402068	634796	0.0923005804098823771123324259	1797	19469
855086	1056280	1	5602	5602
1277045	465916	0.6666666666666666666666666667	400	400
5061028	181805	0.2597402597402597402597402597	100	285
5061028	40846	0.4805194805194805194805194805	185	285
5251596	106359	0.0829558998808104886769964243	696	7641
5251596	181806	0.3710369487485101311084624553	3113	7641
5251596	198288	0.2179976162097735399284862932	1829	7641
5251596	385337	0.1206197854588796185935637664	1012	7641
5251596	592460	0.0414779499404052443384982122	348	7641
5251596	7346456	0.0766388557806912991656734207	643	7641
5821160	125020	0.1008230452674897119341563786	147	1022
5821160	199703	0.0946502057613168724279835391	138	1022
5821160	294995	0.1220850480109739368998628258	178	1022
5821160	4559242	0.1371742112482853223593964335	200	1022
5821160	46042	0.2462277091906721536351165981	359	1022
5824609	712036	0.0344408427876823338735818476	170	4936
5824609	85676	0.9655591572123176661264181524	4766	4936
2610053	155087	0.3271477663230240549828178694	476	1179
2610053	214727	0.4426116838487972508591065292	644	1179
2610053	61726	0.0405498281786941580756013746	59	1179
3837727	1234953	0.9472951597595697564062005694	14972	15805
3837727	32670	0.0527048402404302435937994306	833	15805
5403508	1030776	0.4280104712041884816753926702	327	327
5576967	32670	0.3017928286852589641434262948	303	1004
5576967	41649	0.3007968127490039840637450199	302	1004
5576967	90246	0.3974103585657370517928286853	399	1004
1165836	102798	0.4997848537005163511187607573	2323	3158
1165836	1789334	0.0501290877796901893287435456	233	3158
1165836	559061	0.0757314974182444061962134251	352	3158
1165836	5653440	0.0537865748709122203098106713	250	3158
5068388	106359	0.2442977190876350540216086435	1221	4998
5068388	214705	0.1790716286514605842336934774	895	4998
5068388	214706	0.1542617046818727490996398559	771	4998
5068388	369328	0.3825530212084833933573429372	1912	4998
5068388	76117	0.039815926370548219287715086	199	4998
5467042	139534	0.3832417582417582417582417582	1116	1116
2344919	247701	0.0195465207193119624706802189	150	5805
2344919	712036	0.6505082095387021110242376857	4992	5805
2344919	85676	0.0863956215793588741204065676	663	5805
486761	102798	0.8263723496950334011036886436	14226	17215
486761	4017785	0.092535579436537902991577113	1593	17215
486761	607463	0.0810920708684286959047342434	1396	17215
5295900	32670	0.2116613418530351437699680511	795	3756
5295900	55703	0.0210330138445154419595314164	79	3756
5295900	9414204	0.7673056443024494142705005325	2882	3756
3577282	199703	0.6932839767318878900052882073	1311	1891
3577282	46042	0.3067160232681121099947117927	580	1891
5801611	159317	0.4448997196463230536985119689	2063	4637
5801611	159319	0.4623679102868233771835238301	2144	4637
5801611	1694896	0.092732370066853569117964201	430	4637
3592754	1011069	0.5062146892655367231638418079	448	885
3592754	198293	0.4937853107344632768361581921	437	885
5086754	477606	0.3877850530593813501919169113	3435	3435
5582645	369328	0.2485207100591715976331360947	42	169
5582645	851160	0.7514792899408284023668639053	127	169
3580723	102798	0.5557894736842105263157894737	1584	2850
3580723	1434890	0.4442105263157894736842105263	1266	2850
3714607	1143642	0.6272851030727343446129910541	6451	9609
3714607	4933103	0.1252430960715674834694671334	1288	9609
3714607	547949	0.092570984052897705173084403	952	9609
3714607	5764153	0.0383119408790353947880202256	394	9609
3714607	587751	0.050952936600544535200311163	524	9609
3804931	11059583	0.028239580961056706900478251	248	5830
3804931	247701	0.0424732407196538373946709178	373	5830
3804931	591032	0.0335914370302892279662946937	295	5830
3804931	61518582	0.0373491232065588704167615577	328	5830
3804931	85676	0.5222045092234115235709405602	4586	5830
3497916	32670	0.2627717753768173936241163132	1970	6806
3497916	9037373	0.2110177404295051353874883287	1582	6806
3497916	968811	0.434040282779778578097905829	3254	6806
5203494	1143642	0.5247879109225874867444326617	3959	4595
5203494	587751	0.018027571580063626723223754	136	4595
5203494	7592079	0.0662778366914103923647932131	500	4595
5401458	32670	0.932602193419740777666999003	4677	4677
5477798	420392	1	211	211
5750433	214715	0.2131234995998933048813016804	799	3749
5750433	5473130	0.6359029074419845292077887437	2384	3749
5750433	5473131	0.1509735929581221659109095759	566	3749
5782564	214727	0.1859015688802922845476036965	865	2974
5782564	477606	0.2063185041908446163765312701	960	2974
5782564	501461	0.0642596174511068128089404685	299	2974
5782564	5530895	0.120567375886524822695035461	561	2974
5782564	5551832	0.0621104663657855147216849345	289	2974
5089150	1306357	1	305	305
5836097	125348	0.0659176029962546816479400749	792	11352
5836097	236579	0.49787765293383270911360799	5982	11352
5836097	32671	0.0653349979192675821889305035	785	11352
5836097	32818	0.0665834373699542238868081565	800	11352
5836097	90246	0.2491052850603412401165210154	2993	11352
5531646	10061853	0.0859905906952430737062205959	329	1235
5531646	223731	0.1989022477783585990590695243	761	1235
5531646	447114	0.0378985886042864610559330894	145	1235
5290187	4730024	0.0599423631123919308357348703	312	2592
5290187	674112	0.4380403458213256484149855908	2280	2592
1087704	1143642	0.8981453329279416235937975068	2954	3289
1087704	55704	0.027972027972027972027972028	92	3289
1087704	610264	0.0738826391000304043782304652	243	3289
5488378	1143642	1	157	157
5710578	32670	1	4243	4243
3505346	1143642	0.0654137173541615816451061753	268	3276
3505346	251987	0.0844520380766414449597266292	346	3276
3505346	4933103	0.073224310471076397363924823	300	3276
3505346	5659676	0.0366121552355381986819624115	150	3276
3505346	5764153	0.0800585794483768611178911399	328	3276
3505346	587751	0.0351476690261166707346839151	144	3276
3505346	610264	0.3292653160849402001464486209	1349	3276
3505346	7592079	0.0954356846473029045643153527	391	3276
3117267	1143642	0.4948240165631469979296066253	2868	4632
3117267	547949	0.1216356107660455486542443064	705	4632
3117267	587751	0.1185300207039337474120082816	687	4632
3117267	610264	0.0641821946169772256728778468	372	4632
5342642	32670	0.3636363636363636363636363636	96	189
5342642	32784	0.3522727272727272727272727273	93	189
5631328	1918592	0.5638192937463010455711185638	2858	2858
5092770	102798	0.1678554814699953481159869747	2165	12898
5092770	214727	0.6155217863234610017056908048	7939	12898
5092770	32673	0.0762133664133974259575127927	983	12898
5092770	3337859	0.0693130717940766010234144829	894	12898
5092770	600255	0.0228717630640409365793146224	295	12898
5092770	607463	0.0346565358970383005117072414	447	12898
5092770	7920750	0.0135679950379903861063730811	175	12898
5673144	1234953	0.9551012788201250816764678428	10232	10713
5673144	32670	0.0448987211798749183235321572	481	10713
1838562	1143642	0.2153331618214561358374067404	837	3887
1838562	251987	0.0805248263442243375353743247	313	3887
1838562	4933103	0.5647028556727553383071777721	2195	3887
1838562	610264	0.087985593002315410342166195	342	3887
1838562	9038415	0.0514535631592487779778749678	200	3887
2193611	106359	0.5428368290081763242090295059	1527	2115
2193611	4763103	0.2090295058656238890863846427	588	2115
3095141	214706	0.078032672923183872088981578	449	4537
3095141	214715	0.2594716718804310045185957595	1493	4537
3095141	32670	0.1214807090719499478623566215	699	4537
3095141	369328	0.1557177615571776155717761557	896	4537
3095141	385336	0.1737921445950643030935001738	1000	4537
3501834	219738	0.1197754210854647535870243294	192	1177
3501834	32447	0.2601372426699937616968184654	417	1177
3501834	32670	0.3543356207111665626949469744	568	1177
3642667	1011069	0.1266109616201671151394986546	894	6766
3642667	3222824	0.0141622999575131001274606996	100	6766
3642667	385337	0.0494264268517207194448378417	349	6766
3642667	40774	0.0205353349383939951848180144	145	6766
3642667	40846	0.7191615918425152244724543266	5078	6766
3642667	864582	0.0283245999150262002549213992	200	6766
3727807	484640	1	493	493
5254277	1056280	0.5489791236522138105069970177	2393	2393
1138619	240943	0.197885377868557010693259642	1647	8323
1138619	248945	0.0336417157275021026072329689	280	8323
1138619	385333	0.2342905202451039288718010333	1950	8323
1138619	387366	0.510272738195362249188994353	4247	8323
1138619	8289063	0.0239096479634747086387120029	199	8323
5745202	139534	0.0379005642499733844352177153	356	8707
5745202	47034	0.0353454700308740551474502289	332	8707
5745202	838763	0.515703183221547961247737677	4844	8707
5745202	966263	0.3380176727350154370275737251	3175	8707
2056023	3295794	0.2315680166147455867082035306	446	1926
2056023	3945135	0.7684319833852544132917964694	1480	1926
3785212	484640	1	49	49
5182767	102798	0.6183908045977011494252873563	4573	6256
5182767	37512	0.0751859364435429344151453685	556	6256
5182767	56306055	0.0388100067613252197430696416	287	6256
5182767	607436	0.0459770114942528735632183908	340	6256
5182767	7920750	0.0676132521974306964164976335	500	6256
5498569	214727	0.298245614035087719298245614	51	51
2941832	32701	1	60	60
3815903	106359	1	1282	1282
3871640	1001960	0.2829122340425531914893617021	851	3008
3871640	1056280	0.5731382978723404255319148936	1724	3008
3871640	30908	0.1439494680851063829787234043	433	3008
5506490	214727	1	4059	4059
1203332	838763	0.3921161825726141078838174274	756	756
5258721	216794	0.6863636363636363636363636364	151	220
5258721	32785	0.3136363636363636363636363636	69	220
2336135	2077155	0.8042426977883809400992971823	12473	12473
2674536	1001960	0.2252014879107253564786112833	1453	5872
2674536	1306375	0.3929014259144451332920024799	2535	5872
2674536	4891205	0.1842839429634221946683199008	1189	5872
2674536	4933103	0.0709857408555486670799752015	458	5872
2674536	576289	0.0367327960322380657160570366	237	5872
5457091	1775315	1	1110	1110
687697	181806	0.2133620689655172413793103448	396	1856
687697	434783	0.3033405172413793103448275862	563	1856
687697	521664	0.483297413793103448275862069	897	1856
2221304	1830888	0.2988911290322580645161290323	1186	2773
2221304	32670	0.3999495967741935483870967742	1587	2773
5772434	147546	0.2339181286549707602339181287	280	1107
5772434	639950	0.6908939014202172096908939014	827	1107
598598	32819	0.9254503299447119671838772962	10378	10378
1361259	1143642	0.6008614501076812634601579325	837	1303
1361259	4933103	0.1995692749461593682699210337	278	1303
1361259	5036590	0.1349605168700646087580760948	188	1303
1850641	55704	1	963	963
3396699	391037	0.0986094953188189019998892028	1780	18051
3396699	391038	0.0414381474710542352224253504	748	18051
3396699	62139	0.1931748933577087141986593541	3487	18051
3396699	62254	0.0967259431610437094897789596	1746	18051
3396699	717837	0.3564899451553930530164533821	6435	18051
3396699	966262	0.213561575535981386072793751	3855	18051
3843250	199050	0.1936064835659612787032868077	860	1755
3843250	465916	0.1699684826654660063034669068	755	1755
3843250	61726	0.0315173345339936965330932013	140	1755
5252432	1319227	0.9727024567788898999090081893	4276	4396
5252432	8712326	0.0272975432211101000909918107	120	4396
5615196	102798	0.0778816199376947040498442368	300	3852
5615196	106358	0.0745067497403946002076843198	287	3852
5615196	106359	0.1536863966770508826583592939	592	3852
5615196	127599	0.3073727933541017653167185877	1184	3852
5615196	1434890	0.1555036344755970924195223261	599	3852
5615196	1864653	0.1549844236760124610591900312	597	3852
5615196	76117	0.0760643821391484942886812046	293	3852
3205303	215724	0.6389953600968327617510591083	6335	9914
3205303	434783	0.3610046399031672382489408917	3579	9914
5527483	30908	0.1508196721311475409836065574	46	46
5772887	187032	0.7648578811369509043927648579	2072	2709
5772887	199703	0.2351421188630490956072351421	637	2709
791658	1830888	1	4165	4165
5176097	1143642	1	790	790
2137780	41798127	0.1009509875640087783467446964	138	335
2137780	539902	0.144111192392099487929773226	197	335
3641103	216794	0.9553942692976487487714523324	12637	12637
3829899	1306375	0.2980688497061293031066330814	355	1191
3829899	6477826	0.7019311502938706968933669186	836	1191
5345432	32447	0.1192842942345924453280318091	60	60
5348600	10061853	0.0494437577255871446229913473	200	2726
5348600	32818	0.2660074165636588380716934487	1076	2726
5348600	447114	0.3040791100123609394313967862	1230	2726
5348600	989143	0.0543881334981458590852904821	220	2726
1086934	102798	0.0259340659340659340659340659	59	2217
1086934	159298	0.1723076923076923076923076923	392	2217
1086934	159302	0.0663736263736263736263736264	151	2217
1086934	159319	0.483956043956043956043956044	1101	2217
1086934	159324	0.1094505494505494505494505495	249	2217
1086934	1694896	0.021978021978021978021978022	50	2217
1086934	2227785	0.0443956043956043956043956044	101	2217
1086934	4631253	0.0501098901098901098901098901	114	2217
1163956	219738	0.2508891044293566117038473973	776	3093
1163956	65663	0.3304235370190753313934691238	1022	3093
1163956	76518	0.4186873585515680569026834788	1295	3093
1892126	465916	0.3763440860215053763440860215	350	650
1892126	557619	0.3225806451612903225806451613	300	650
3450386	187465	0.5151781786185657721073471183	1171	2273
3450386	32670	0.3523977122745270567531896172	801	2273
3450386	32784	0.1324241091069071711394632644	301	2273
3860345	102798	1	3364	3364
5385745	198288	1	590	590
5640516	11059583	0.0179654165730967886817875589	240	9098
5640516	1729036	0.057788756643461336926416648	772	9098
5640516	61518582	0.0072610225316266187588891384	97	9098
5640516	85676	0.5980238041769593532450033685	7989	9098
5774555	144048	0.8557781919850885368126747437	7346	7346
1145976	102798	0.4415994387934058225184145914	1259	2851
1145976	557619	0.1027709575587513153279551035	293	2851
1145976	607463	0.4556296036478428621536303052	1299	2851
3176004	1001960	0.16	132	132
5129769	1143642	0.7490530303030303030303030303	791	1056
5129769	5036590	0.2509469696969696969696969697	265	1056
3007796	236579	0.8917757009345794392523364486	4771	4771
5837700	1143642	1	1837	1837
991625	1143642	0.4953585917623598982328267895	7204	14486
991625	251987	0.1167572027779687822320016503	1698	14486
991625	4933103	0.193013821082307639414151138	2807	14486
991625	547949	0.0204221962456164477755621261	297	14486
991625	5764153	0.0343808017602970501272089665	500	14486
991625	587751	0.0438011414426184418620642233	637	14486
991625	7592079	0.0923468335281578766416832841	1343	14486
3733052	1351207	0.0888099467140319715808170515	150	1399
3733052	968647	0.7394908229721728833629366489	1249	1399
5823508	1864653	0.6971761960326721120186697783	14937	21425
5823508	32670	0.2845740956826137689614935823	6097	21425
5823508	32673	0.0182497082847141190198366394	391	21425
1010277	236579	0.4182074143594556546222430784	4456	9463
1010277	236582	0.1293289535429375879868606288	1378	9463
1010277	32818	0.0562177381511027686532144533	599	9463
1010277	600255	0.069544814641013608634443923	741	9463
1010277	602628	0.1236039418113561708118254341	1317	9463
1010277	90246	0.0912247770999530736743312999	972	9463
5272260	634796	0.2486417385746244806647491211	778	778
5544015	214727	0.5433698903290129611166500499	545	545
5610345	3231644	0.0728476821192052980132450331	99	1176
5610345	4439039	0.3355408388520971302428256071	456	1176
5610345	46042	0.2604856512141280353200883002	354	1176
5610345	9952293	0.196467991169977924944812362	267	1176
5731576	1319227	1	4899	4899
2973746	147556	0.7979591836734693877551020408	782	782
3591154	2667906	0.3894500561167227833894500561	347	347
5066441	102798	0.23184456817912569600758204	1957	6062
5066441	4017785	0.0694230541405046795403388224	586	6062
5066441	559061	0.2101646724321762824309915887	1774	6062
5066441	607463	0.2067290605378509655254116811	1745	6062
5539294	199703	0.280487804878048780487804878	46	46
2891820	1176464	0.0196126803996546194646601702	159	4109
2891820	199703	0.0732700135685210312075983718	594	4109
2891820	199706	0.0505735783890465030220796842	410	4109
2891820	294995	0.2833353891698532132724805723	2297	4109
2891820	31631091	0.0255334895769088442087085235	207	4109
2891820	46042	0.0545207845072159861847785864	442	4109
3648964	240943	0.4830526770293609671848013817	4475	7948
3648964	248945	0.0263385146804835924006908463	244	7948
3648964	45638654	0.0490069084628670120898100173	454	7948
3648964	864582	0.2995466321243523316062176166	2775	7948
3143777	1176463	0.0936847225799067158840529945	3274	27903
3143777	1176464	0.2202191890577159698972730134	7696	27903
3143777	1176465	0.0509056571379517555154948923	1779	27903
3143777	1416060	0.0082410507339685809940767448	288	27903
3143777	1416064	0.2009900706784559475777606089	7024	27903
3143777	1714294	0.0511918047328812201333447792	1789	27903
3143777	23522517	0.0117320513921080493318453658	410	27903
3143777	2815853	0.0680458980742266861247031219	2378	27903
3143777	2815854	0.0594042407073568546656365353	2076	27903
3143777	563457	0.0340229490371133430623515609	1189	27903
5666025	33781691	0.3238410596026490066225165563	978	978
5848573	199050	0.2455197132616487455197132616	1096	4008
5848573	576289	0.6102150537634408602150537634	2724	4008
5848573	9237427	0.0421146953405017921146953405	188	4008
2622425	106359	0.1901865369018653690186536902	938	4732
2622425	181806	0.5348742903487429034874290349	2638	4732
2622425	32818	0.2343876723438767234387672344	1156	4732
5656720	32670	1	547	547
610583	102838	0.0931701539676273193841294907	236	1894
610583	1350906	0.0915909988156336360047374655	232	1894
610583	30908	0.3292538491906829846032372681	834	1894
610583	327073	0.0927753651796288985392814844	235	1894
610583	40774	0.0540860639557836557441768654	137	1894
610583	5437415	0.0868535333596525858665613897	220	1894
3648194	2847847	0.4285714285714285714285714286	69	69
3842918	1001960	0.2692763938315539739027283511	227	843
3842918	1008586	0.3238434163701067615658362989	273	843
3842918	13152212	0.4068801897983392645314353499	343	843
5251776	40846	0.3637031594415870683321087436	1980	2966
5251776	4891205	0.1811168258633357825128581925	986	2966
5765424	102798	0.5693606755126658624849215923	2360	3957
5765424	1918592	0.241254523522316043425814234	1000	3957
5765424	32447	0.1440289505428226779252110977	597	3957
5382853	125020	0.0533333333333333333333333333	388	6171
5382853	199703	0.0274914089347079037800687285	200	6171
5382853	294995	0.0272164948453608247422680412	198	6171
5382853	3231644	0.1342955326460481099656357388	977	6171
5382853	433027	0.0412371134020618556701030928	300	6171
5382853	46042	0.5162886597938144329896907216	3756	6171
5382853	9952293	0.0483848797250859106529209622	352	6171
1224398	294995	0.4466019417475728155339805825	46	46
320228	181793	0.3609399954369153547798311659	1582	4128
320228	369328	0.3116586812685375313712069359	1366	4128
320228	47034	0.2692219940679899612137805156	1180	4128
5585606	1929632	0.4577053214395570593663488157	1488	1488
3102462	610299	1	1416	1416
5830253	46093	0.6666666666666666666666666667	120	180
5830253	639950	0.3333333333333333333333333333	60	180
3867807	2328608	0.8885813148788927335640138408	1284	1445
3867807	32670	0.0705882352941176470588235294	102	1445
3867807	32818	0.0408304498269896193771626298	59	1445
5377186	391033	0.2	199	199
3081459	1001960	0.0816120179113101256680629785	565	6923
3081459	1008586	0.1292792142134912610140112668	895	6923
3081459	1056280	0.3502816697963310703452260581	2425	6923
3081459	488221	0.3588039867109634551495016611	2484	6923
3081459	944313	0.0800231113679040878231980355	554	6923
3777655	214705	0.1362683438155136268343815514	65	65
3128854	1105206	0.0788318254390633315593400745	1185	15032
3128854	1217985	0.4739888238424693986162852581	7125	15032
3128854	141491	0.4471793507184672698243746674	6722	15032
5827971	237789	0.0570549788542868127643214148	742	2970
5827971	32671	0.0507497116493656286043829296	660	2970
5827971	32673	0.0243752402921953094963475586	317	2970
5827971	3295794	0.0548250672818146866589773164	713	2970
5827971	43145457	0.0413687043444828911956939639	538	2970
5590344	8917990	1	85	85
5711754	1319227	0.0893617021276595744680851064	798	798
5768437	32670	1	4384	4384
3020819	629430	0.7938808373590982286634460548	986	986
3191270	102798	0.1296848657761639216703410712	1000	3851
3191270	2933274	0.081960835170535598495655557	632	3851
3191270	3100781	0.0505770976527039294514330178	390	3851
3191270	37512	0.0609518869147970431850603035	470	3851
3191270	56306055	0.0421475813772532745428608481	325	3851
3191270	607463	0.0394241991959538321877836856	304	3851
3191270	7920750	0.0518739463104655686681364285	400	3851
3191270	89172571	0.0427960057061340941512125535	330	3851
5427526	106359	0.6032242540904716073147256978	2507	3870
5427526	181806	0.3279595765158806544754571704	1363	3870
1275831	32670	0.5024028834601521826191429716	2509	3229
1275831	32671	0.144173007609130957148578294	720	3229
5665029	102798	0.0631994733377221856484529296	96	1451
5665029	1918592	0.1527320605661619486504279131	232	1451
5665029	286756	0.2797893350888742593811718236	425	1451
5665029	465916	0.459512837393021724818959842	698	1451
941470	434561	0.2676732326767323267673232677	2677	10001
941470	74063	0.5077492250774922507749225077	5078	10001
941470	8434725	0.0556944305569443055694430557	557	10001
941470	9969138	0.1688831116888311168883111689	1689	10001
5721603	23522517	1	83	83
2391318	102798	0.4674107142857142857142857143	1047	2240
2391318	4593398	0.2651785714285714285714285714	594	2240
2391318	607463	0.2674107142857142857142857143	599	2240
3738574	385333	0.3026315789473684210526315789	46	46
5375456	1143642	0.6716678297278436845778087927	1925	2866
5375456	547949	0.2400558269364968597348220516	688	2866
5375456	5764153	0.0882763433356594556873691556	253	2866
5807311	975126	1	4670	4670
5880301	236579	0.519685039370078740157480315	198	198
2836432	5530895	0.0315789473684210526315789474	72	72
5166468	1176464	0.7820844099913867355727820844	7264	9054
5166468	1176465	0.1927217915590008613264427218	1790	9054
5550984	1326150	0.252982646420824295010845987	933	2498
5550984	41798127	0.1049349240780911062906724512	387	2498
5550984	562835	0.3194143167028199566160520607	1178	2498
3415980	1143642	0.7944664031620553359683794466	1005	1005
5620762	199703	1	957	957
5674772	32701	0.3431176973496722713023653463	9632	28072
5674772	32784	0.3434026788258763180393274437	9640	28072
5674772	55635	0.1244656597321174123681960673	3494	28072
5674772	634796	0.124608150470219435736677116	3498	28072
5674772	76117	0.0303149045312054716443431177	851	28072
5674772	90246	0.0340909090909090909090909091	957	28072
5715208	7346456	0.5482123510292524377031419285	2530	2530
2789268	181784	0.2145593869731800766283524904	112	469
2789268	562835	0.6839080459770114942528735632	357	469
5291256	214706	0.1018801923917796239615216441	233	2006
5291256	369328	0.3235679930039352864013992129	740	2006
5291256	539902	0.4315697420201136860515959773	987	2006
5291256	851160	0.0201136860515959772627896808	46	2006
5800746	65663	0.3270419426048565121412803532	2963	8513
5800746	85676	0.6125827814569536423841059603	5550	8513
2488713	391037	0.5531943784370968836988254464	8148	14426
2488713	391038	0.0531604318012085002376264512	783	14426
2488713	62139	0.1317808405187045963744992871	1941	14426
2488713	717837	0.2089075972571118202186163351	3077	14426
2488713	856872	0.0323850906375178219838414013	477	14426
439070	125348	0.0529953917050691244239631336	46	776
439070	181806	0.1071428571428571428571428571	93	776
439070	240943	0.0529953917050691244239631336	46	776
439070	40850	0.6129032258064516129032258065	532	776
439070	52056	0.0679723502304147465437788018	59	776
5813717	11059583	0.8501251564455569461827284105	2717	2890
5813717	11860503	0.0541301627033792240300375469	173	2890
1827710	1008586	1	346	346
2096577	106359	0.3842975206611570247933884298	1581	4114
2096577	181806	0.1324744773942634905201750122	545	4114
2096577	288905	0.0845892075838599902771025766	348	4114
2096577	76117	0.3986387943607194944093339815	1640	4114
5697386	214727	1	70	70
5720280	1830888	0.9134448932487016733987305251	6332	6632
5720280	5443125	0.0432775533756491633006347374	300	6632
2003804	4891205	0.0347277032359905288082083662	88	685
2003804	4933103	0.2355958958168902920284135754	597	685
3032964	1176463	0.0522243713733075435203094778	459	4872
3032964	1176465	0.0592786437592445101831835249	521	4872
3032964	1216497	0.1838661963818409375355558084	1616	4872
3032964	1416060	0.0501763568096484241665718512	441	4872
3032964	4439034	0.1237911025145067698259187621	1088	4872
3032964	563457	0.0383433837751735123449766754	337	4872
3032964	639950	0.0466492206166799408351348276	410	4872
5590124	61726	1	8289	8289
5848696	11059583	0.1088139281828073993471164309	100	580
5848696	11860503	0.0979325353645266594124047878	90	580
5848696	1729035	0.2143634385201305767138193689	197	580
5848696	247701	0.1088139281828073993471164309	100	580
5848696	85676	0.1011969532100108813928182807	93	580
1896988	1143642	0.2774617067833698030634573304	634	2285
1896988	547949	0.117724288840262582056892779	269	2285
1896988	5659676	0.0831509846827133479212253829	190	2285
1896988	587751	0.4380743982494529540481400438	1001	2285
1896988	610264	0.0835886214442013129102844639	191	2285
5841225	8917990	0.4952380952380952380952380952	104	104
3852723	1143642	0.7127205071664829106945975744	10343	13448
3852723	24252496	0.009991730981256890848952591	145	13448
3852723	4933103	0.1642778390297684674751929438	2384	13448
3852723	5764153	0.0396912899669239250275633958	576	13448
5823740	214727	1	4694	4694
