5686906	219297	0.2899287894201424211597151577	570	1063
5686906	566399	0.1892166836215666327568667345	372	1063
5686906	85681	0.0615462868769074262461851475	121	1063
5709982	32784	0.3664479850046860356138706654	1173	1663
5709982	48664	0.1530771633864417369572008747	490	1663
1916818	158847	0.6553643724696356275303643725	1295	1295
2108724	240943	0.3599634626194491287240022485	5123	8809
2108724	385337	0.0300730747611017425519955031	428	8809
2108724	40850	0.228920741989881956155143339	3258	8809
3795307	1306375	0.2030178326474622770919067215	296	1458
3795307	327073	0.1508916323731138545953360768	220	1458
3795307	4891205	0.1947873799725651577503429355	284	1458
3795307	4931966	0.4513031550068587105624142661	658	1458
5804539	32670	1	6822	6822
2607624	106358	0.0275044722719141323792486583	123	3817
2607624	106359	0.5684257602862254025044722719	2542	3817
2607624	181806	0.1802325581395348837209302326	806	3817
2607624	39572521	0.01699463327370304114490161	76	3817
2607624	4333622	0.0603756708407871198568872987	270	3817
3239181	1326150	0.0645345516847515705311250714	113	1751
3239181	181784	0.0919474585950885208452312964	161	1751
3239181	484640	0.8435179897201599086236436322	1477	1751
5583176	147546	0.154269972451790633608815427	336	1950
5583176	1588892	0.0831037649219467401285583104	181	1950
5583176	199703	0.1460055096418732782369146006	318	1950
5583176	433025	0.0886134067952249770431588613	193	1950
5583176	46042	0.4233241505968778696051423324	922	1950
3566396	1306357	0.444825765575501583949313622	1685	3551
3566396	1306375	0.4239704329461457233368532207	1606	3551
3566396	33781691	0.0686378035902851108764519535	260	3551
5669992	1319227	0.0604851089960085968682836967	197	2317
5669992	147546	0.0595640159656125268652133866	194	2317
5669992	1983298	0.1071538225360761436905127418	349	2317
5669992	294995	0.118513969910961007061713233	386	2317
5669992	4559242	0.0500460546515198035001535155	163	2317
5669992	46042	0.1802272029474976972674240098	587	2317
5669992	639950	0.0607921400061406202026404667	198	2317
5669992	8917990	0.0141234264660730733804114216	46	2317
5669992	9537587	0.0604851089960085968682836967	197	2317
2270701	1001960	0.0900062073246430788330229671	145	1568
2270701	1056280	0.8621973929236499068901303538	1389	1568
2270701	4933103	0.021104903786468032278088144	34	1568
3738080	1143642	0.2881982981871994080651128376	2337	2928
3738080	2708567	0.0728819829818719940806511284	591	2928
5511230	9537587	0.0312020460358056265984654731	61	61
2592698	1143642	0.2084367245657568238213399504	252	460
2592698	547949	0.1720430107526881720430107527	208	460
3858908	102798	0.5977292965271593944790739092	2685	4492
3858908	37512	0.3058771148708815672306322351	1374	4492
3858908	96416955	0.0963935886019590382902938557	433	4492
5155446	32818	1	3067	3067
5225673	32671	0.2281368821292775665399239544	60	60
2007437	102798	0.4089264173703256936067551267	339	734
2007437	1125486	0.2400482509047044632086851628	199	734
2007437	607436	0.2364294330518697225572979493	196	734
5749079	1864653	1	68	68
5843731	1046845	0.0106658979533006630152781781	185	16947
5843731	106359	0.0054194292303257422888440473	94	16947
5843731	1146922	0.0076679158258864226001729605	133	16947
5843731	199050	0.1282790429518593254540213318	2225	16947
5843731	32671	0.1666186220812914384548861343	2890	16947
5843731	32673	0.045142692418564427788988181	783	16947
5843731	32818	0.3735370423753243009512827904	6479	16947
5843731	55635	0.0190833093110406457192274431	331	16947
5843731	55703	0.0281925626981839146728163736	489	16947
5843731	559743	0.1700778322283078697030844624	2950	16947
5843731	678286	0.0057653502450273854136638801	100	16947
5843731	90246	0.0166042087056788699913519746	288	16947
2395221	141491	0.3832326049899271656593832326	2473	5124
2395221	32670	0.1518673485200681853401518673	980	5124
2395221	600255	0.1452037811870447853711452038	937	5124
2395221	90246	0.1137455447078878041221137455	734	5124
3505309	236579	0.4261129727142173288654858784	17803	40066
3505309	32670	0.2639061752034466251795117281	11026	40066
3505309	32784	0.0243896601244614648157012925	1019	40066
3505309	391033	0.0568214456677836285303973193	2374	40066
3505309	4324783	0.0294159885112494016275730014	1229	40066
3505309	600255	0.0939684059358544758257539493	3926	40066
3505309	602628	0.0391814265198659645763523217	1637	40066
3505309	6298373	0.025179511728099569171852561	1052	40066
5344061	214727	0.171043771043771043771043771	1270	7425
5344061	85676	0.828956228956228956228956229	6155	7425
3165605	1001960	0.0565593087195600942655145326	216	3819
3165605	1143642	0.3427598847865933490442524221	1309	3819
3165605	1306375	0.2744173867504582351400890285	1048	3819
3165605	587751	0.1489918826918041372086933752	569	3819
3165605	6477826	0.1772715370515841843414506415	677	3819
5166638	1306375	1	636	636
5203799	11868099	0.2121922626025791324736225088	362	1595
5203799	87646880	0.4519343493552168815943728019	771	1595
5203799	9414204	0.2708089097303634232121922626	462	1595
5257240	3683386	0.1651193633952254641909814324	498	2286
5257240	4891205	0.4549071618037135278514588859	1372	2286
5257240	4931966	0.1379310344827586206896551724	416	2286
983124	562835	0.5769230769230769230769230769	420	420
3583261	1001960	0.1970895286301803226826953496	623	3161
3583261	30908	0.8029104713698196773173046504	2538	3161
2975042	32701	0.7764744216357119582926034539	2383	2383
5289986	1218726	0.1510934393638170974155069583	456	2471
5289986	4333622	0.6676607024519549370444002651	2015	2471
5293701	32670	0.8165374677002583979328165375	1264	1548
5293701	3295794	0.1834625322997416020671834625	284	1548
2488837	30908	1	909	909
3467884	240943	0.8492209544841123788492209545	13844	15710
3467884	3841096	0.0425101214574898785425101215	693	15710
3467884	385337	0.0238621028094712305238621028	389	15710
3467884	387366	0.0363145626303521040363145626	592	15710
3467884	45638654	0.011777695988222304011777696	192	15710
1249233	4559250	0.0133062697338746053225078935	59	4144
1249233	46042	0.9212900315741993685160126297	4085	4144
3039043	8917990	0.1671641791044776119402985075	56	241
3039043	9537587	0.5522388059701492537313432836	185	241
970042	106359	0.6814276272306675479180436219	1031	1513
970042	181784	0.1275611368142762723066754792	193	1513
970042	369328	0.1910112359550561797752808989	289	1513
5589249	1983298	0.0648591971240263630916716597	433	3192
5589249	199703	0.1566806470940683043738765728	1046	3192
5589249	199706	0.1665668064709406830437387657	1112	3192
5589249	294995	0.0453864589574595566207309766	303	3192
5589249	46042	0.0446375074895146794487717196	298	3192
3623803	8637468	0.3575757575757575757575757576	59	59
3757797	11868099	0.4525862068965517241379310345	1785	2930
3757797	87646880	0.215770791075050709939148073	851	2930
3757797	9414204	0.074543610547667342799188641	294	2930
845099	11353877	0.2152884516856235270007172866	2101	2946
845099	11872846	0.0299210984732042217440311507	292	2946
845099	42854511	0.0172148785736243467568398401	168	2946
845099	60617344	0.0204939030638385080438569526	200	2946
845099	7540724	0.0189568603340506199405676811	185	2946
3071898	1864653	0.3723887375113533151680290645	2050	3974
3071898	3337859	0.0683015440508628519527702089	376	3974
3071898	490439	0.2811989100817438692098092643	1548	3974
3488760	1001960	1	483	483
3579480	13091171	0.0198776758409785932721712538	299	11015
3579480	240943	0.4199574524664273367903204361	6317	11015
3579480	28507949	0.0311793644462172583433054115	469	11015
3579480	385336	0.0325754553915702699109161016	490	11015
3579480	385337	0.0451402738997473740194123122	679	11015
3579480	40850	0.1835527190533173780082435846	2761	11015
3692510	2174249	0.811554332874828060522696011	590	590
5810398	102798	1	1978	1978
3202703	106358	0.116759332803812549642573471	294	2319
3202703	385337	0.6767275615567911040508339952	1704	2319
3202703	794678	0.1274821286735504368546465449	321	2319
3513600	102798	0.6487859966120835686053077357	4596	4992
3513600	607463	0.0559006211180124223602484472	396	4992
5733422	85676	0.4219759926131117266851338873	914	914
2242045	106358	0.0490693739424703891708967851	174	2334
2242045	106359	0.2952622673434856175972927242	1047	2334
2242045	181805	0.0662718556119571347997743937	235	2334
2242045	95295	0.2476029328821206993795826283	878	2334
2382483	11872846	0.0382642998027613412228796844	194	790
2382483	14434762	0.0270216962524654832347140039	137	790
2382483	42854511	0.0439842209072978303747534517	223	790
2382483	60617344	0.0465483234714003944773175542	236	790
3710469	47041	0.1165181631254283755997258396	170	266
3710469	57111371	0.0657984921178889650445510624	96	266
5835782	102838	0.1192787794729542302357836338	86	559
5835782	1789334	0.2690707350901525658807212205	194	559
5835782	217844	0.3869625520110957004160887656	279	559
1894810	214706	0.1829268292682926829268292683	150	820
1894810	369328	0.35	287	820
1894810	539902	0.4670731707317073170731707317	383	820
3819280	102798	0.0272600834492350486787204451	98	2770
3819280	32670	0.5290681502086230876216968011	1902	2770
3819280	32818	0.0803894297635605006954102921	289	2770
3819280	3295794	0.053129346314325452016689847	191	2770
3819280	90246	0.0806675938803894297635605007	290	2770
5596266	22767830	1	199	199
2095583	1143642	0.2916157690172126596335369239	2626	8810
2095583	251987	0.0429761243753470294280955025	387	8810
2095583	32670	0.3937812326485285952248750694	3546	8810
2095583	4933103	0.0823986674069961132704053304	742	8810
2095583	547949	0.0430871737923375902276513048	388	8810
2095583	5639026	0.0792892837312604108828428651	714	8810
2095583	5764153	0.0451971127151582454192115491	407	8810
5367225	181806	1	63	63
3631712	12486397	0.056278763971071663379355687	428	4635
3631712	219738	0.0539119000657462195923734385	410	4635
3631712	566402	0.0556213017751479289940828402	423	4635
3631712	591032	0.0549638395792241946088099934	418	4635
3631712	712036	0.056278763971071663379355687	428	4635
3631712	76518	0.2251150558842866535174227482	1712	4635
3631712	85676	0.1072978303747534516765285996	816	4635
5706375	5840427	0.0272326933239387000176149375	773	2235
5706375	848547	0.0515060771534261053373260525	1462	2235
5714601	139534	0.1603606266627253916642033698	1085	1383
5714601	521664	0.0440437481525273425953295891	298	1383
2621718	139534	0.6713615023474178403755868545	1716	2556
2621718	4891205	0.3286384976525821596244131455	840	2556
2720295	102798	0.2238194973343488194973343488	2351	7060
2720295	1125487	0.055978674790555978674790556	588	7060
2720295	37512	0.1135757806549885757806549886	1193	7060
2720295	4017785	0.0561690784463061690784463062	590	7060
2720295	607436	0.1130997715156130997715156131	1188	7060
2720295	607465	0.0524562071591774562071591775	551	7060
2720295	7920750	0.057025894897182025894897182	599	7060
759718	32701	1	598	598
934138	1864653	0.949233935513377544020123485	4151	4151
5264811	1929632	0.0720887245841035120147874307	195	1518
5264811	32670	0.1619223659889094269870609982	438	1518
5264811	968811	0.327171903881700554528650647	885	1518
3185210	11052136	0.1091689665746703465194725544	712	1488
3185210	24733565	0.0581110088929776142287641828	379	1488
3185210	369328	0.0608708984973934375958295002	397	1488
5881277	199703	1	212	212
2023644	286756	0.1173624798423221644866511378	655	5383
2023644	465916	0.8471600071671743415158573732	4728	5383
538537	187032	0.0261210274270787984327383544	120	2775
538537	1918592	0.0306922072268175881584675664	141	2775
538537	199703	0.0439703961689159773617762299	202	2775
538537	433027	0.031127557683935568132346539	143	2775
538537	4439034	0.0685676969960818458859381802	315	2775
538537	46042	0.0435350457117979973878972573	200	2775
538537	46093	0.0163256421419242490204614715	75	2775
538537	69279374	0.3437091858946451893774488463	1579	2775
5782421	32670	1	59	59
998447	1176464	0.1049648962629474545855240374	3334	26650
998447	1176465	0.033875893335012435853036552	1076	26650
998447	1416061	0.0319554198281018795453829928	1015	26650
998447	1416064	0.0247142902118817492050499008	785	26650
998447	199703	0.347479772061832950288071026	11037	26650
998447	199704	0.1853729181752353367125271542	5888	26650
998447	199706	0.0595976450587161162358719265	1893	26650
998447	2815853	0.0355445014639675093662437427	1129	26650
998447	36051194	0.0063281176211315052104650065	201	26650
998447	46093	0.0091930862953751219972924472	292	26650
5503223	32670	0.9857868020304568527918781726	4855	4855
5863008	62254	0.3741201949106659447753113156	1382	1575
5863008	966262	0.0522468868435300487276664862	193	1575
3204059	214706	0.46875	990	2112
3204059	369328	0.53125	1122	2112
2679352	1929632	0.0449069622758893727730331995	794	16881
2679352	32670	0.7969571856795430122730614784	14091	16881
2679352	32673	0.112889542446694191505005373	1996	16881
2493692	3723430	0.0821759259259259259259259259	284	3456
2493692	576289	0.9178240740740740740740740741	3172	3456
3731074	181806	0.8271604938271604938271604938	1943	2172
3731074	868839	0.0974882928905917411664538101	229	2172
5251730	199703	0.0343044302706429925874849164	199	3299
5251730	433025	0.4121703154628512325461127392	2391	3299
5251730	4439034	0.0143078779520772280641268747	83	3299
5251730	46042	0.1079124288915704188932942596	626	3299
5814079	1729035	0.0768729641693811074918566775	472	4031
5814079	1729036	0.0734527687296416938110749186	451	4031
5814079	214727	0.0390879478827361563517915309	240	4031
5814079	247701	0.0206840390879478827361563518	127	4031
5814079	40983038	0.1819218241042345276872964169	1117	4031
5814079	712036	0.2260586319218241042345276873	1388	4031
5814079	85676	0.0384364820846905537459283388	236	4031
3832254	32784	0.2882588149763722282806252272	793	2577
3832254	602628	0.6484914576517629952744456561	1784	2577
5657976	32784	0.4908108108108108108108108108	2270	3936
5657976	40774	0.2406486486486486486486486486	1113	3936
5657976	48664	0.1195675675675675675675675676	553	3936
1838035	1143642	0.0841423948220064724919093851	130	809
1838035	4933103	0.0414239482200647249190938511	64	809
1838035	5468555	0.0692556634304207119741100324	107	809
1838035	547949	0.1637540453074433656957928803	253	809
1838035	5639026	0.0304207119741100323624595469	47	809
1838035	5764153	0.093203883495145631067961165	144	809
1838035	610264	0.0414239482200647249190938511	64	809
2749745	1729035	0.3568350093933031274173941872	3229	7559
2749745	1729036	0.110509448557851696320035363	1000	7559
2749745	591032	0.0156923416952149408774450215	142	7559
2749745	65663	0.0774671234390540391203447895	701	7559
2749745	85676	0.2748369985633771687479279478	2487	7559
3058372	62139	0.1329976303317535545023696682	898	5280
3058372	62254	0.1329976303317535545023696682	898	5280
3058372	856872	0.0473933649289099526066350711	320	5280
3058372	966262	0.4686018957345971563981042654	3164	5280
3505159	1143642	0.6917888563049853372434017595	2359	3241
3505159	251987	0.0894428152492668621700879765	305	3241
3505159	4933103	0.1284457478005865102639296188	438	3241
3505159	547949	0.0407624633431085043988269795	139	3241
2419526	147546	0.1108850457782299084435401831	1853	16711
2419526	147556	0.0150798874992519897073783735	252	16711
2419526	199703	0.7667404703488720004787265873	12813	16711
2419526	199706	0.1024474896774579618215546646	1712	16711
2419526	639950	0.0048471066961881395488001915	81	16711
5169655	1218726	0.1043841336116910229645093946	200	1321
5169655	4819901	0.1033402922755741127348643006	198	1321
5169655	95295	0.4817327766179540709812108559	923	1321
2762210	74063	0.25	200	800
2762210	9969138	0.75	600	800
5789784	47041	0.8153061224489795918367346939	799	980
5789784	57111371	0.1846938775510204081632653061	181	980
1097656	1001960	0.1308526367668802365697387876	531	4058
1097656	277075	0.07368161655988171513060621	299	4058
1097656	30908	0.4529324790537210448496796451	1838	4058
1097656	4891205	0.0719566288812222769837358305	292	4058
1097656	4891206	0.1478560867422375554460325283	600	4058
1097656	5437415	0.1227205519960571710202069985	498	4058
3060265	434561	0.2686786481293093704080479259	2377	2577
3060265	74063	0.0226065332881202667570927998	200	2577
5258145	102798	0.3996175908221797323135755258	627	1135
5258145	4017785	0.3237731038878266411727214786	508	1135
5430710	1001960	0.039904229848363926576217079	300	7021
5430710	5437415	0.8939877627028465017291832934	6721	7021
5504006	102798	0.1047297297297297297297297297	279	2664
5504006	32670	0.5604354354354354354354354354	1493	2664
5504006	32818	0.2879129129129129129129129129	767	2664
5504006	365346	0.0469219219219219219219219219	125	2664
3574365	5840427	0.019641200123724095267553356	127	960
3574365	848547	0.1288277141973399319517476028	833	960
5175940	2525496	0.265148434322895485969906466	652	2053
5175940	369328	0.5697437982919886132574217161	1401	2053
2928112	102798	0.3563377286261165461505742237	3351	8181
2928112	2756586	0.06369629944704381114419396	599	8181
2928112	32671	0.3024245002126754572522330923	2844	8181
2928112	975134	0.1474904296044236495108464483	1387	8181
5741114	102798	0.9314308589728925997941210111	16287	16783
5741114	2847847	0.0283655495825231613862518586	496	16783
5654087	199725	0.3125	150	343
5654087	6783419	0.4020833333333333333333333333	193	343
5746401	187465	0.3271620593456758813086482374	1290	1765
5746401	40846	0.120466649759066700481866599	475	1765
5622454	369328	1	1192	1192
3244981	102798	0.0609002647837599293909973522	690	10891
3244981	1306375	0.231950573698146513680494263	2628	10891
3244981	33781691	0.0180935569285083848190644307	205	10891
3244981	40797465	0.1080317740511915269196822595	1224	10891
3244981	41803992	0.2744924977934686672550750221	3110	10891
3244981	4732995	0.1233009708737864077669902913	1397	10891
3244981	59848204	0.1141218005295675198587819947	1293	10891
3244981	6477826	0.0303618711385701676963812886	344	10891
332897	141491	0.3124299719887955182072829132	8923	28560
332897	32670	0.6875700280112044817927170868	19637	28560
3583210	1058295	0.0638792102206736353077816492	110	1412
3583210	3723430	0.6225319396051103368176538908	1072	1412
3583210	4891206	0.1335656213704994192799070848	230	1412
3468679	14434762	0.1368291295277830457045325242	1443	2614
3468679	147556	0.0217143940830646690688412668	229	2614
3468679	7540724	0.0893229660534799924141854732	942	2614
5826884	199703	0.3003095975232198142414860681	97	97
793581	369328	0.0583941605839416058394160584	200	3425
793581	385336	0.0502189781021897810218978102	172	3425
793581	40846	0.5065693430656934306569343066	1735	3425
793581	40850	0.2694890510948905109489051095	923	3425
793581	539902	0.1153284671532846715328467153	395	3425
1207042	32670	0.7980371900826446280991735537	1545	1936
1207042	4708239	0.2019628099173553719008264463	391	1936
3452749	32670	0.3299625468164794007490636704	881	1218
3452749	32671	0.1262172284644194756554307116	337	1218
1856582	1125487	0.3062890062409985597695631301	638	1473
1856582	607463	0.4008641382621219395103216515	835	1473
723374	106359	0.3154150197628458498023715415	399	1265
723374	3667085	0.245849802371541501976284585	311	1265
723374	46112529	0.4387351778656126482213438735	555	1265
2479555	32447	1	147	147
5514037	2077155	0.446105989056292631736751368	11903	24842
5514037	32670	0.1331984109137246083501986358	3554	24842
5514037	32671	0.2827749044299527771531369463	7545	24842
5514037	32818	0.0224495914848961846938010644	599	24842
5514037	32819	0.0315568548084851210553931489	842	24842
5514037	61019192	0.0149539015066336856307623117	399	24842
5695560	2847686	0.427580893682588597842835131	555	1058
5695560	32670	0.1640986132511556240369799692	213	1058
5695560	47041	0.223420647149460708782742681	290	1058
5874202	1234953	0.8045072437846539080665355035	4498	5042
5874202	7173845	0.0972992309068145233410838848	544	5042
5344850	11353877	0.0657201740325166017861231967	287	287
5204911	236582	0.0223140124814798186144659453	497	22273
5204911	32670	0.3619629147398195124141337045	8062	22273
5204911	32784	0.0401831814304314641045211691	895	22273
5204911	32818	0.4040766847752884658555201365	9000	22273
5204911	3910180	0.1358595609033358775198671037	3026	22273
5204911	975126	0.0356036456696448614914919409	793	22273
5671292	240943	0.1826241134751773049645390071	515	863
5671292	46112529	0.123404255319148936170212766	348	863
1165933	1062595	0.0693909020817270624518118736	90	187
1165933	217844	0.0747879722436391673091750193	97	187
2468916	155087	0.0281641765413017345011162631	164	164
3786481	106359	0.4986295593506219692177946447	2365	4743
3786481	1218726	0.1773139363272190596668775037	841	4743
3786481	181806	0.1389415981446341977651275564	659	4743
3786481	3667085	0.1220746363061353573687539532	579	4743
3786481	4333622	0.063040269871389415981446342	299	4743
3876634	32670	1	230	230
2239390	199703	0.6051103368176538908246225319	1042	1457
2239390	46042	0.0998838559814169570267131243	172	1457
2239390	5473131	0.1062717770034843205574912892	183	1457
2239390	727627	0.0348432055749128919860627178	60	1457
5698620	1143642	0.6680267062314540059347181009	7204	10784
5698620	251987	0.0296735905044510385756676558	320	10784
5698620	41756999	0.0152077151335311572700296736	164	10784
5698620	4205177	0.0569362017804154302670623145	614	10784
5698620	4933103	0.122589020771513353115727003	1322	10784
5698620	5468555	0.0231824925816023738872403561	250	10784
5698620	547949	0.0843842729970326409495548961	910	10784
5736339	139534	0.1546508340401470172462538875	547	810
5736339	41649	0.0743567995476392422957308453	263	810
3700298	2756586	0.8555377207062600321027287319	1599	1599
2726535	85676	0.7977288857345635202271114265	1124	1124
443207	1176464	0.0756779084877326747157990758	8794	107987
443207	199703	0.2738999853704293348708725248	31828	107987
443207	36051194	0.0886379869710764782320594133	10300	107987
443207	433027	0.1701591180950577868041272601	19773	107987
443207	46042	0.2287204289045893823739490375	26578	107987
443207	9952293	0.0922007177095255716289596654	10714	107987
5415526	181805	0.1685630004214075010535187526	400	998
5415526	32670	0.2520016856300042140750105352	598	998
5609819	9414204	0.5762711864406779661016949153	238	238
2050770	85676	1	2384	2384
3027919	85676	1	11285	11285
3824699	1056280	0.5689778413152251608291636883	796	1303
3824699	327073	0.213009292351679771265189421	298	1303
3824699	4891205	0.1493924231593995711222301644	209	1303
5352762	576289	0.3686635944700460829493087558	80	80
3581213	434561	0.5868644067796610169491525424	277	277
5092915	1002219	0.1180987961809879618098796181	1138	8057
5092915	1008586	0.0268783727687837276878372769	259	8057
5092915	1056280	0.493980904939809049398090494	4760	8057
5092915	434561	0.0486716479867164798671647987	469	8057
5092915	488221	0.0766915732669157326691573267	739	8057
5092915	9969138	0.0718140307181403071814030718	692	8057
5348759	106359	0.051678941455498689302209462	414	7202
5348759	181806	0.8473349144925727125202846087	6788	7202
5583136	1864653	0.8532947462154942119323241318	3833	4492
5583136	3337859	0.1467052537845057880676758682	659	4492
2278979	106358	0.1730205278592375366568914956	177	1023
2278979	181806	0.1769305962854349951124144673	181	1023
2278979	2525496	0.5004887585532746823069403715	512	1023
2278979	4819901	0.1495601173020527859237536657	153	1023
3039063	4891205	0.0932952924393723252496433666	327	620
3039063	7042731	0.0835948644793152639087018545	293	620
5523223	1143642	0.2014268727705112960760998811	847	3675
5523223	4933103	0.2168846611177170035671819263	912	3675
5523223	587751	0.3757431629013079667063020214	1580	3675
5523223	7592079	0.0799048751486325802615933413	336	3675
5675199	1588892	0.6855631141345427059712773998	3628	3628
2859570	110266	0.2806982343499197431781701445	1399	3471
2859570	181793	0.1380417335473515248796147673	688	3471
2859570	240943	0.0497592295345104333868378812	248	3471
2859570	55635	0.2279293739967897271268057785	1136	3471
5421200	106359	0.2230985915492957746478873239	396	1161
5421200	181806	0.4309859154929577464788732394	765	1161
5491366	102798	0.5	300	600
5491366	607463	0.5	300	600
2129356	13091171	0.0855508579955235016165133051	344	875
2129356	240943	0.0870430241233523999005222581	350	875
2129356	3841096	0.0450136781895050982342700821	181	875
2315124	1143642	0.5316986610743668333602193902	3296	6199
2315124	4933103	0.2808517502823035973544120019	1741	6199
2315124	547949	0.0319406355863849007904500726	198	6199
2315124	587751	0.0551701887401193740925955799	342	6199
2315124	610264	0.0411356670430714631392160026	255	6199
2315124	7592079	0.0592030972737538312631069527	367	6199
5551956	199703	0.322169059011164274322169059	202	202
5767966	32819	0.1647234678624813153961136024	1102	1102
2134865	559064	0.7039473684210526315789473684	856	1216
2134865	9038415	0.2960526315789473684210526316	360	1216
5863906	236582	0.5668536276461009589288945178	3133	5527
5863906	32819	0.4331463723538990410711054822	2394	5527
1989229	102798	0.478383884110457220461747397	4227	7582
1989229	1789334	0.1823223177908555907650520598	1611	7582
1989229	2933274	0.0331598008148483476686283386	293	7582
1989229	40774	0.0358759619737437754640108646	317	7582
1989229	40846	0.0400633770937075599818922589	354	7582
1989229	4627633	0.0183340878225441376188320507	162	7582
1989229	559064	0.0699411498415572657311000453	618	7582
5268791	1864653	0.0377004435346298191743432276	221	2181
5268791	3295794	0.0767656090071647901740020471	450	2181
5268791	3337859	0.0508358921869669054930058001	298	2181
5268791	975126	0.2067553735926305015353121801	1212	2181
5590766	385337	0.5128475888771559310102076734	1457	1620
5590766	501461	0.0573741640267511439633931714	163	1620
5352040	57111371	1	322	322
5796363	150857	0.1176993774088348651052475541	397	397
5352203	610299	1	4662	4662
5498437	41803992	0.0962000962000962000962000962	400	3048
5498437	67812486	0.6368446368446368446368446368	2648	3048
3597649	32670	0.8147359454855195911413969336	3826	4696
3597649	3795104	0.0817717206132879045996592845	384	4696
3597649	600255	0.1034923339011925042589437819	486	4696
2344137	1143642	0.2584784601283226397800183318	1974	5215
2344137	251987	0.0908733795993191043603509231	694	5215
2344137	4205177	0.043341626293047007987429619	331	5215
2344137	547949	0.0392824407489852036139845489	300	5215
2344137	587751	0.1987691501898651302867618175	1518	5215
2344137	7592079	0.0521147047269870367945528349	398	5215
3428539	1030776	0.099515255203877958368976333	349	2415
3428539	32670	0.445394924436840604505275164	1562	2415
3428539	32673	0.0518962075848303393213572854	182	2415
3428539	32784	0.052751639577986883376104933	185	2415
3428539	975126	0.039064727687482178500142572	137	2415
3146489	32670	0.3159420289855072463768115942	1199	2377
3146489	32671	0.092490118577075098814229249	351	2377
3146489	391033	0.2179183135704874835309617918	827	2377
5359227	32670	1	3554	3554
1206937	32670	0.8268944284437382063760055616	8326	9350
1206937	434783	0.0341642665607309564008342437	344	9350
1206937	975126	0.0675340152944681696295560632	680	9350
2195603	1176463	0.0083369233960397619389529782	1045	95090
2195603	1176464	0.0038214223030651157595774895	479	95090
2195603	1416061	0.0097729484786112041868109074	1225	95090
2195603	1416064	0.0044995452587238523766215117	564	95090
2195603	1714294	0.0051776682143825889936655338	649	95090
2195603	199703	0.2132257910104829831027715284	26727	95090
2195603	199704	0.023941729293316101032342476	3001	95090
2195603	199706	0.0840314010818055622038198267	10533	95090
2195603	22767830	0.0030714980932778070301405709	385	95090
2195603	2815853	0.0111132385556778836181449747	1393	95090
2195603	2815854	0.00482663986086512533307804	605	95090
2195603	36051194	0.0073715954238667368723373702	924	95090
2195603	433027	0.0313372584685590286088108117	3928	95090
2195603	4439039	0.0378631946771336939351874013	4746	95090
2195603	46042	0.0929028449252469165350310341	11645	95090
2195603	46093	0.0194820736202192331626059068	2442	95090
2195603	563459	0.0014599588339476329519888947	183	95090
2195603	59648935	0.0183412314712874762656965519	2299	95090
2195603	69279374	0.0539147639334322595056882549	6758	95090
2195603	9952293	0.1241284125540503885245640068	15559	95090
3640481	181805	0.0713590658449562114823224132	220	1576
3640481	214706	0.071034706454751865066493675	219	1576
3640481	24733565	0.1498540382744080441128770678	462	1576
3640481	369328	0.0830360038923126824521569899	256	1576
3640481	539902	0.1209860525462212131041193643	373	1576
3640481	868839	0.0149205319493999351281219591	46	1576
5171334	32670	1	8642	8642
5659388	11052136	0.012911213300318358684117439	73	5119
5659388	13091171	0.0442164839051998585072515034	250	5119
5659388	1326150	0.0509373894587902370003537319	288	5119
5659388	214706	0.0245843650512911213300318359	139	5119
5659388	240943	0.105765829501238061549345596	598	5119
5659388	288905	0.1552882914750619030774672798	878	5119
5659388	369328	0.0120268836222143615139724089	68	5119
5659388	387366	0.2118853908737177219667492041	1198	5119
5659388	539902	0.1307039264237707817474354439	739	5119
5659388	76117	0.10470463388751326494517156	592	5119
5659388	794678	0.05235231694375663247258578	296	5119
2271735	1234953	0.0846806105144149236856981345	749	7185
2271735	32670	0.5977388355002826455624646693	5287	7185
2271735	32818	0.0747314867156585641605426795	661	7185
2271735	3795104	0.055172413793103448275862069	488	7185
5093260	2851967	0.1170778906627963231736816642	968	7272
5093260	32671	0.04039671020803096274794388	334	7272
5093260	610299	0.7220609579100145137880986938	5970	7272
5097275	102798	0.2548419979612640163098878695	1000	3924
5097275	32671	0.7451580020387359836901121305	2924	3924
5852447	251987	0.2524590163934426229508196721	77	158
5852447	4732995	0.2655737704918032786885245902	81	158
5060519	1030776	0.0537011947284148294124892228	436	7524
5060519	32670	0.2104939031900480354723488114	1709	7524
5060519	32819	0.0668801576548836063554624954	543	7524
5060519	5473130	0.5732233033624830644168000985	4654	7524
5060519	90246	0.022416553762778667323562015	182	7524
5227307	1319227	1	2321	2321
5657814	678286	0.3699673558215451577801958651	340	340
636067	1830888	0.7700258397932816537467700258	4470	5369
636067	5443125	0.1548664944013781223083548665	899	5369
3539081	1331083	0.0998413642673012095974618283	1007	9390
3539081	32670	0.5845726749950426333531627999	5896	9390
3539081	3295794	0.0491770771366250247868332342	496	9390
3539081	4324783	0.197402339877057307158437438	1991	9390
2018928	1830888	0.9891554631211468469137636485	13317	13317
697413	127599	0.0487183700295760762405520868	593	12172
697413	32670	0.9512816299704239237594479132	11579	12172
5444769	13091171	0.0549407114624505928853754941	556	3127
5444769	240943	0.1551383399209486166007905138	1570	3127
5444769	28507949	0.0213438735177865612648221344	216	3127
5444769	387366	0.0775691699604743083003952569	785	3127
5583369	106359	0.0117416829745596868884540117	60	3767
5583369	181784	0.3878669275929549902152641879	1982	3767
5583369	181806	0.009001956947162426614481409	46	3767
5583369	385336	0.0733855185909980430528375734	375	3767
5583369	385337	0.0962818003913894324853228963	492	3767
5583369	794678	0.1589041095890410958904109589	812	3767
2004790	187465	1	196	196
2101620	40850	0.2161270365023716230150546504	1048	1990
2101620	41803992	0.0670241286863270777479892761	325	1990
2101620	67812486	0.1272427304598886368323365642	617	1990
5814751	236582	0.1207294552169898430286241921	523	1534
5814751	32818	0.080563250230840258541089566	349	1534
5814751	6298373	0.1528162511542012927054478301	662	1534
3008553	102798	0.5206553948056475509848352798	2987	5737
3008553	2847847	0.0671082447272093428621230608	385	5737
3008553	607463	0.4122363604671431061530416594	2365	5737
3805657	1176463	0.0185685207493872803555850953	447	22198
3805657	1176464	0.014663731151082125202509035	353	22198
3805657	1176465	0.0369293399243966269264321024	889	22198
3805657	1416061	0.029452083246791010675860923	709	22198
3805657	1983298	0.3921821127404145723424583558	9441	22198
3805657	199706	0.0311967764715656544676608649	751	22198
3805657	36051194	0.3866572508619615336684252067	9308	22198
3805657	563459	0.0124620944626760270842852989	300	22198
5753436	1176464	0.0522746243739565943238731219	1002	17618
5753436	1983298	0.0266068447412353923205342237	510	17618
5753436	199703	0.4121452420701168614357262104	7900	17618
5753436	4559242	0.1435204507512520868113522538	2751	17618
5753436	59648935	0.1055926544240400667779632721	2024	17618
5753436	639950	0.0259808013355592654424040067	498	17618
5753436	9952293	0.153015442404006677796327212	2933	17618
3596373	240943	1	4900	4900
3753587	181793	0.0808586762075134168157423971	678	2356
3753587	288905	0.2001192605843768634466308885	1678	2356
5539437	1056280	0.6036408771203971865949524204	1459	1822
5539437	7042731	0.1501861812163839470417873397	363	1822
2787799	102798	0.603711235383833248601931876	4750	7868
2787799	102838	0.0320284697508896797153024911	252	7868
2787799	2933274	0.3244789018810371123538383325	2553	7868
2787799	37512	0.0397813929842399593289273005	313	7868
5722038	32818	0.3194325021496130696474634566	743	743
5806738	11059583	0.0385871178391214010092015435	130	2305
5806738	40983038	0.0385871178391214010092015435	130	2305
5806738	85676	0.6070050460077174235678242802	2045	2305
5406463	731864	1	824	824
2498710	32671	0.2583586626139817629179331307	85	329
2498710	32818	0.3586626139817629179331306991	118	329
2498710	365346	0.2006079027355623100303951368	66	329
2498710	90246	0.1823708206686930091185410334	60	329
5585871	1876585	0.0946094609460946094609460946	172	1220
5585871	236579	0.0467546754675467546754675468	85	1220
5585871	391037	0.055005500550055005500550055	100	1220
5585871	62139	0.4746974697469746974697469747	863	1220
677993	1001960	0.1350865051903114186851211073	1952	11922
677993	1002219	0.0094117647058823529411764706	136	11922
677993	1056280	0.4897577854671280276816608997	7077	11922
677993	488221	0.133702422145328719723183391	1932	11922
677993	944313	0.0570934256055363321799307958	825	11922
2296850	155087	0.8603351955307262569832402235	1232	1232
5343979	47041	0.1925545571245186136071887035	150	270
5343979	848547	0.1540436456996148908857509628	120	270
5735343	187032	0.0674547983310152990264255911	97	97
855086	1056280	1	3247	3247
1277045	465916	0.6672240802675585284280936455	798	798
5821160	199703	0.1481203007518796992481203008	197	526
5821160	294995	0.1293233082706766917293233083	172	526
5821160	4559242	0.1180451127819548872180451128	157	526
5824609	85676	1	3390	3390
2403792	1799386	0.1283185840707964601769911504	58	225
2403792	215724	0.2588495575221238938053097345	117	225
2403792	975134	0.1106194690265486725663716814	50	225
2610053	155087	0.2234706616729088639200998752	179	695
2610053	214727	0.6441947565543071161048689139	516	695
387522	181983	0.0388855482060533172980557226	194	938
387522	2851967	0.0747644818600922028462617759	373	938
387522	32670	0.07436359991982361194628182	371	938
5403508	1030776	0.077353215284249767008387698	166	491
5403508	1046845	0.1514445479962721342031686859	325	491
5576967	236579	0.3333333333333333333333333333	301	804
5576967	32670	0.1107419712070874861572535991	100	804
5576967	32784	0.1107419712070874861572535991	100	804
5576967	32818	0.1118493909191583610188261351	101	804
5576967	41649	0.1118493909191583610188261351	101	804
5576967	90246	0.1118493909191583610188261351	101	804
1165836	102798	0.3062339331619537275064267352	953	2250
1165836	1125486	0.113753213367609254498714653	354	2250
1165836	1789334	0.2741002570694087403598971722	853	2250
1165836	607465	0.0289203084832904884318766067	90	2250
1323327	1008586	0.0700773860705073086844368014	326	2224
1323327	1058295	0.1006018916595012897678417885	468	2224
1323327	277075	0.0339638865004299226139294927	158	2224
1323327	30908	0.1253224419604471195184866724	583	2224
1323327	3683386	0.0328890799656061908856405847	153	2224
1323327	4931966	0.1152192605331040412725709372	536	2224
5068388	106359	0.1940706065925492490735322801	995	5127
5068388	214705	0.114101813926272674078408426	585	5127
5068388	214706	0.409011117612638970157987127	2097	5127
5068388	369328	0.282816461868539106690072167	1450	5127
5467042	1062595	0.3977584059775840597758405978	1597	4015
5467042	139534	0.6022415940224159402241594022	2418	4015
5534425	187032	0.0844219227015015264480488463	4065	48007
5534425	199703	0.0817013146144420676621461652	3934	48007
5534425	199704	0.0539137297252393512076592386	2596	48007
5534425	199706	0.0069988162239621191667878133	337	48007
5534425	199725	0.3227970343295050985441631534	15543	48007
5534425	4439039	0.1839421818861498203567942514	8857	48007
5534425	46042	0.1422192685510165936325309962	6848	48007
5534425	46093	0.0382754252248136071940354302	1843	48007
5534425	9952293	0.0827397146476708687254677992	3984	48007
2344919	247701	0.0172914007195079494023442033	149	8517
2344919	712036	0.7568759429035627248462341882	6522	8517
2344919	8169253	0.0868051526053150748520366717	748	8517
2344919	85676	0.1274225368457699895555297667	1098	8517
486761	102798	0.9544176952218012953684467799	15620	16366
486761	4017785	0.0244409140901869729927899303	400	16366
486761	607463	0.0211413906880117316387632897	346	16366
5295900	150857	0.0319812792511700468018720749	123	3785
5295900	32819	0.0244409776391055642225689028	94	3785
5295900	55703	0.0616224648985959438377535101	237	3785
5295900	9414204	0.8660946437857514300572022881	3331	3785
3577282	199703	0.4691760521636040308239478364	1583	3374
3577282	46042	0.5308239478363959691760521636	1791	3374
5086754	12486397	0.0137033230558410414525522439	120	3330
5086754	477606	0.3665638917437478588557725248	3210	3330
5582645	369328	1	171	171
2015929	1146922	0.7455555555555555555555555556	671	671
3580723	102798	0.6165413533834586466165413534	1230	1995
3580723	1434890	0.3834586466165413533834586466	765	1995
3714607	1062595	0.1069695632995147772386413763	970	7967
3714607	1143642	0.2436038817820908689898544332	2209	7967
3714607	251987	0.1199823555359505955006616674	1088	7967
3714607	4205177	0.0537053374503749448610498456	487	7967
3714607	4933103	0.0651742390824878694309660344	591	7967
3714607	547949	0.2583811204234671371857079841	2343	7967
3714607	5764153	0.0109175121305690339655932951	99	7967
3714607	7592079	0.0198500220555800617556241729	180	7967
5203494	1143642	0.4264705882352941176470588235	493	1156
5203494	5764153	0.4290657439446366782006920415	496	1156
5203494	587751	0.1444636678200692041522491349	167	1156
5477798	420392	1	393	393
5750433	32818	0.0858757062146892655367231638	304	3540
5750433	5473130	0.6663841807909604519774011299	2359	3540
5750433	5473131	0.1723163841807909604519774011	610	3540
5750433	90246	0.0754237288135593220338983051	267	3540
5782564	214727	0.2168141592920353982300884956	882	2376
5782564	477606	0.2205014749262536873156342183	897	2376
5782564	501461	0.146755162241887905604719764	597	2376
5089150	1306357	0.4366197183098591549295774648	310	710
5089150	1306375	0.5633802816901408450704225352	400	710
5378944	2077155	0.2833260008798944126704795425	1932	4865
5378944	32670	0.1088136090335826367502566359	742	4865
5378944	32818	0.109106907171139463264408271	744	4865
5378944	32819	0.1121865376154861416630004399	765	4865
5378944	5226601	0.0485408417656547880920956152	331	4865
5378944	61019192	0.0514738231412230532336119666	351	4865
5837647	47041	0.8459545061906133026202130723	2938	2938
1087704	1143642	0.9119585687382297551789077213	1937	1937
5286561	8917990	0.3318233295583238958097395243	293	293
5752103	6783419	1	3760	3760
742769	1128648	0.4054396316016693049359620089	14087	33791
742769	420392	0.5671031803137142034825154699	19704	33791
3505346	1143642	0.1904619076184763047390521896	635	3034
3505346	41756999	0.3581283743251349730053989202	1194	3034
3505346	4933103	0.0659868026394721055788842232	220	3034
3505346	5764153	0.1619676064787042591481703659	540	3034
3505346	587751	0.1334733053389322135572885423	445	3034
3117267	1143642	0.4333434558153659277254782873	1427	2780
3117267	587751	0.2119647737625265715153355603	698	2780
3117267	7592079	0.1989067719404798056483449742	655	2780
3644893	1864653	1	9585	9585
5342642	32784	0.339041095890410958904109589	99	292
5342642	32818	0.660958904109589041095890411	193	292
5534991	1729036	0.0949855351976856316297010608	394	3154
5534991	8169253	0.0961909353905496624879459981	399	3154
5534991	85676	0.4525072324011571841851494696	1877	3154
5534991	85681	0.1166827386692381870781099325	484	3154
5631328	1918592	0.6067677946324387397899649942	2600	3932
5631328	727627	0.3108518086347724620770128355	1332	3932
5092770	102798	0.0647286266647572676500071602	904	13766
5092770	214727	0.7008449090648718315910067306	9788	13766
5092770	32671	0.0335099527423743376772160962	468	13766
5092770	32673	0.0355148217098668194185879994	496	13766
5092770	3337859	0.0965201202921380495489044823	1348	13766
5092770	600255	0.0421022483173421165688099671	588	13766
5092770	7920750	0.0124588285837032793928111127	174	13766
1838562	1143642	0.3256751309955663039097138251	808	2481
1838562	4933103	0.5941152760983474405481660621	1474	2481
1838562	9038415	0.0802095929060862555421201129	199	2481
2193611	106359	0.5134150380920834713481285194	1550	1847
2193611	110266	0.0983769460086121232196091421	297	1847
3095141	369328	1	877	877
3501834	219738	0.115452930728241563055062167	195	1408
3501834	286756	0.3505032563647128478389579633	592	1408
3501834	32447	0.2634695085849615156897572528	445	1408
3501834	32670	0.1042036708111308466548253404	176	1408
3727807	181805	0.2465891864578069732187973724	488	1979
3727807	484640	0.7534108135421930267812026276	1491	1979
5254277	1002220	0.4197530864197530864197530864	442	761
5254277	1056280	0.3029439696106362773029439696	319	761
3427163	1842903	0.159618008185538881309686221	117	117
2056023	32671	0.1433691756272401433691756272	200	643
2056023	3295794	0.3175627240143369175627240143	443	643
5182767	102798	0.2563795853269537480063795853	1286	5016
5182767	1125487	0.3923444976076555023923444976	1968	5016
5182767	1128648	0.0647926634768740031897926635	325	5016
5182767	37512	0.110446570972886762360446571	554	5016
5182767	607436	0.0763556618819776714513556619	383	5016
5182767	7920750	0.0996810207336523125996810207	500	5016
5472224	1143642	0.2754716981132075471698113208	146	146
5498569	214727	0.6666666666666666666666666667	120	180
5498569	219297	0.3333333333333333333333333333	60	180
2941832	32818	0.5542168674698795180722891566	92	92
3815903	106359	0.9485458612975391498881431767	1696	1788
3815903	76117	0.0514541387024608501118568233	92	1788
3871640	1056280	0.7254901960784313725490196078	1628	2244
3871640	30908	0.2745098039215686274509803922	616	2244
5771819	62139	0.1819722128092172145035581159	537	537
5506490	102798	0.1202749140893470790378006873	245	2037
5506490	214727	0.8797250859106529209621993127	1792	2037
2674536	4891205	0.2917485265225933202357563851	297	881
2674536	4931966	0.0550098231827111984282907662	56	881
2674536	576289	0.2328094302554027504911591356	237	881
2674536	59848204	0.2858546168958742632612966601	291	881
687697	215724	0.1522094926350245499181669394	558	3666
687697	32670	0.2847790507364975450081833061	1044	3666
687697	521664	0.5630114566284779050736497545	2064	3666
2221304	1830888	0.2510985561833019460138104206	800	2386
2221304	32670	0.4978028876333961079723791588	1586	2386
5772434	1319227	0.0753579502637528259231348907	100	1134
5772434	147546	0.0708364732479276563677467973	94	1134
5772434	639950	0.7083647324792765636774679729	940	1134
5422118	7173845	0.6049477174190257587350165774	2372	2372
5615196	106359	0.2245587683064213293278257604	598	2363
5615196	127599	0.105520090123920390536988359	281	2363
5615196	1434890	0.3360871197897108524220803605	895	2363
5615196	1864653	0.11115283514832895230942546	296	2363
5615196	32670	0.1100262861434472399549380398	293	2363
5869285	55703	0.7089552238805970149253731343	475	670
5869285	610264	0.2910447761194029850746268657	195	670
3205303	215724	1	4455	4455
3468302	32784	0.3257575757575757575757575758	86	86
5527483	30908	1	186	186
5772887	187032	0.8387096774193548387096774194	2054	2373
5772887	199703	0.1302572478562678644344630461	319	2373
791658	1830888	1	5385	5385
5176097	1143642	0.5475862068965517241379310345	397	725
5176097	4205177	0.1779310344827586206896551724	129	725
5176097	4933103	0.2744827586206896551724137931	199	725
2730457	2847686	0.0524406830890131479522442194	347	4961
2730457	47041	0.6972948466072238174399274596	4614	4961
3829899	102798	1	710	710
5348600	32670	0.2479980587236107740839602038	1022	2435
5348600	32818	0.1744722154816792040766804174	719	2435
5348600	3295794	0.092210628488231011890317884	380	2435
5348600	5226601	0.0761950982771172045619995147	314	2435
1163956	219738	0.1531649721220072154804854051	467	3049
1163956	65663	0.1689078386356182354870449328	515	3049
1163956	76518	0.6779271892423745490324696622	2067	3049
1892126	12486397	0.3599257884972170686456400742	194	539
1892126	465916	0.6400742115027829313543599258	345	539
3450386	32670	0.7691713347498551284527718756	3982	5177
3450386	32784	0.1162835619084411821518253815	602	5177
3450386	32818	0.1145451033417036893954027429	593	5177
3860345	102798	1	1978	1978
3058348	187032	1	3873	3873
5129769	4933103	1	535	535
3007796	236579	0.8732764281024294156270518713	3990	3990
5328797	215724	0.0551495016611295681063122924	332	1194
5328797	434783	0.1431893687707641196013289037	862	1194
5442556	47041	1	230	230
5823508	1864653	0.8348574502420656266810112964	15520	18590
5823508	32670	0.1651425497579343733189887036	3070	18590
3815522	240943	0.5156462585034013605442176871	758	1081
3815522	45638654	0.2197278911564625850340136054	323	1081
5544015	214727	1	738	738
5610345	199703	0.0840336134453781512605042017	170	1938
5610345	3231644	0.1379139891250617894216510133	279	1938
5610345	433025	0.0983687592684132476520019773	199	1938
5610345	4439039	0.1482946119624320316361838853	300	1938
5610345	46042	0.3929807217004448838358872961	795	1938
5610345	9952293	0.0963914977755808205635195255	195	1938
5066441	4017785	0.0705074123177051946486681933	585	3612
5066441	4627633	0.0819573339761359527540074726	680	3612
5066441	559061	0.0834036398698324695673134868	692	3612
5066441	607463	0.0711100397734120766542123659	590	3612
5066441	96416955	0.1283596480655658671809087622	1065	3612
1215598	1799386	0.0143817337155283186715429475	291	19339
1215598	187465	0.0589601660571315607393496096	1193	19339
1215598	32670	0.0887614905604428190174953049	1796	19339
1215598	968811	0.7936641296827122664821587427	16059	19339
5539294	199703	0.3236151603498542274052478134	111	111
5500144	47041	1	1432	1432
2307857	199703	0.1766146993318485523385300668	3172	16929
2307857	199706	0.0441536748329621380846325167	793	16929
2307857	433027	0.025	449	16929
2307857	4439034	0.0250556792873051224944320713	450	16929
2307857	46042	0.5981069042316258351893095768	10742	16929
2307857	46093	0.0476614699331848552338530067	856	16929
2307857	59648935	0.0166481069042316258351893096	299	16929
2307857	639950	0.0093541202672605790645879733	168	16929
3143777	1176463	0.0355074018450976185367946793	993	20933
3143777	1176464	0.2585639705356504326682400057	7231	20933
3143777	1176465	0.0504541228634770793105914325	1411	20933
3143777	1416064	0.2711506829721805048988056926	7583	20933
3143777	1714294	0.0212758349424300936851891583	595	20933
3143777	23522517	0.0159836944861617678609740399	447	20933
3143777	2815853	0.0285704069226918400915397268	799	20933
3143777	2815854	0.0567832367875277122219838375	1588	20933
3143777	4559250	0.0102267038546806836873346206	286	20933
5666025	33781691	0.1965572457966373098478783026	491	929
5666025	40797465	0.1753402722177742193755004003	438	929
5848573	102838	0.0506413091552410437859354268	229	4336
5848573	199050	0.4276868642193719593100398054	1934	4336
5848573	217844	0.1932773109243697478991596639	874	4336
5848573	576289	0.2872622733303847854931446263	1299	4336
2622425	181806	0.077095199349064279902359642	379	4916
2622425	32784	0.0467860048820179007323026851	230	4916
2622425	32818	0.8565907241659886086248982913	4211	4916
2622425	559743	0.0195280716029292107404393816	96	4916
5656720	32670	1	850	850
3842918	1001960	0.4299424184261036468330134357	672	881
3842918	1002220	0.1337172104926423544465770953	209	881
5765424	102798	0.3711859909790395330326346511	1399	3769
5765424	1918592	0.3833908198461130273282037676	1445	3769
5765424	32447	0.1398248872379941629079331388	527	3769
5765424	559064	0.1055983019368532767312284426	398	3769
5382853	3231644	0.0337178349600709849157054126	190	4015
5382853	46042	0.5478260869565217391304347826	3087	4015
5382853	46093	0.0599822537710736468500443656	338	4015
5382853	9952293	0.0709849157054125998225377107	400	4015
320228	369328	0.0603628750872295882763433357	173	426
320228	539902	0.0882763433356594556873691556	253	426
5585606	1929632	0.4550080962294702752718019894	1967	1967
2053521	32670	0.1116988176726820161792159303	718	2237
2053521	32818	0.1631922837585563161169881767	1049	2237
2053521	490439	0.0731176104542626011200995644	470	2237
3102462	610299	1	781	781
5830253	46093	1	60	60
1226721	286756	0.0321241258741258741258741259	147	4326
1226721	731864	0.913243006993006993006993007	4179	4326
3010519	32670	1	470	470
3158912	1331083	0.0116808784020558345987618269	100	6132
3158912	2174249	0.0110968344819530428688237355	95	6132
3158912	32670	0.06950122649223221586263287	595	6132
3158912	4324783	0.0115640696180352762527742086	99	6132
3158912	4708239	0.6014484289218549234902464665	5149	6132
3158912	975134	0.0109800256979324845228361173	94	6132
3867807	32670	0.0655021834061135371179039301	120	217
3867807	32784	0.0251091703056768558951965066	46	217
3867807	32818	0.0278384279475982532751091703	51	217
5377186	1876585	0.1656903765690376569037656904	198	597
5377186	3910180	0.167364016736401673640167364	200	597
5377186	391033	0.1665271966527196652719665272	199	597
3081459	1001960	0.0615647712697734074390765284	576	9356
3081459	1008586	0.0945917058572039333048311244	885	9356
3081459	1056280	0.8438435228730226592560923472	7895	9356
3777655	214705	0.1147540983606557377049180328	63	63
3128854	141491	0.692152261765089297353669665	10619	10619
5711754	1319227	0.2330764671013633669235328986	1966	1966
5768437	32670	1	4441	4441
3191270	1125487	0.0610156017092318394117062506	614	6585
3191270	158847	0.3011030507800854615919705853	3030	6585
3191270	2933274	0.0897346715691145781576070754	903	6585
3191270	607436	0.1308754844479777402365099871	1317	6585
3191270	7920750	0.0398489516048891980522706946	401	6585
3191270	8637468	0.0317996621285898837324853423	320	6585
5427526	106359	0.8569463548830811554332874828	3115	3635
5427526	181806	0.1045392022008253094910591472	380	3635
5427526	39572521	0.03851444291609353507565337	140	3635
692151	102798	0.9385265584477956008068389204	9771	9968
692151	37512	0.0189222937277879166266448948	197	9968
1275831	32670	0.365668167002948936830668943	2356	3611
1275831	32671	0.1947850380257643954679497129	1255	3611
5665029	1918592	0.2868705035971223021582733813	319	844
5665029	286756	0.1609712230215827338129496403	179	844
5665029	30908	0.1501798561151079136690647482	167	844
5665029	4931966	0.0899280575539568345323741007	100	844
5665029	559064	0.0710431654676258992805755396	79	844
941470	74063	1	264	264
5721603	23522517	1	38	38
2391318	102798	0.5366614664586583463338533541	344	641
2391318	607463	0.4633385335413416536661466459	297	641
5807311	975126	1	2336	2336
5166468	1176464	0.600814356808927763534911778	3984	6631
5166468	1176465	0.399185643191072236465088222	2647	6631
3415980	1143642	0.7587719298245614035087719298	519	519
5620762	199703	1	727	727
5674772	106359	0.0360952983343875184482395109	856	23715
5674772	32701	0.6552814674256799493991144845	15540	23715
5674772	32784	0.2351676154332700822264389627	5577	23715
5674772	55635	0.0359266287160025300442757748	852	23715
5674772	74063	0.0375289900906599198819312671	890	23715
2789268	181784	0.0784615384615384615384615385	51	650
2789268	562835	0.9215384615384615384615384615	599	650
5800746	566399	0.0101594650205761316872427984	79	7246
5800746	566402	0.0194187242798353909465020576	151	7246
5800746	65663	0.3209876543209876543209876543	2496	7246
5800746	85676	0.5812757201646090534979423868	4520	7246
2488713	391037	0.5451715039577836411609498681	10331	13213
2488713	62139	0.1219525065963060686015831135	2311	13213
2488713	62254	0.0048021108179419525065963061	91	13213
2488713	856872	0.0253298153034300791556728232	480	13213
439070	106359	0.1047120418848167539267015707	60	477
439070	240943	0.0907504363001745200698080279	52	477
439070	40850	0.6369982547993019197207678883	365	477
2722787	76117	0.2313475997686524002313475998	400	400
1827710	1008586	0.0977522216414009409304756926	374	3826
1827710	1056280	0.6847882906429691583899634083	2620	3826
1827710	488221	0.0517511761630946157867224255	198	3826
1827710	944313	0.1657083115525352848928384736	634	3826
2812823	214727	0.5178098322048866647041507212	1759	1759
5720280	1830888	0.744174091843728581220013708	4343	5536
5720280	5443125	0.2044208361891706648389307745	1193	5536
2331909	181983	0.118343195266272189349112426	560	560
3032964	1176464	0.1171020937557902538447285529	632	2113
3032964	4439034	0.1365573466740781915879192144	737	2113
3032964	639950	0.1378543635352973874374652585	744	2113
5848696	11059583	0.2495145631067961165048543689	257	1030
5848696	1729035	0.0951456310679611650485436893	98	1030
5848696	1842903	0.2776699029126213592233009709	286	1030
5848696	85676	0.3776699029126213592233009709	389	1030
1896988	1143642	0.2051282051282051282051282051	304	1482
1896988	2708567	0.1261808367071524966261808367	187	1482
1896988	41756999	0.3232118758434547908232118758	479	1482
1896988	4933103	0.1686909581646423751686909582	250	1482
1896988	5764153	0.1767881241565452091767881242	262	1482
5812218	559061	1	147	147
3852723	1143642	0.6530035335689045936395759717	8316	12220
3852723	41756999	0.0439733019238319591676482136	560	12220
3852723	4933103	0.1927758146839418924224577935	2455	12220
3852723	5764153	0.0208873184138201806046329015	266	12220
3852723	610264	0.0489202983902630545740086376	623	12220
1957243	3295794	1	200	200
5823740	214727	1	4734	4734
