2357979	209348	0.0442748884044430603135056576	853	19266
1021992	209348	0.1232222568254956918924530261	2374	19266
5727986	209348	0.1448146994705699159140454687	2790	19266
559878	209348	0.0527353887677774317450430811	1016	19266
5341466	209348	0.0877712031558185404339250493	1691	19266
2857231	209348	0.2024810547077753555486349009	3901	19266
1057747	209348	0.0330634278002699055330634278	637	19266
5800629	209348	0.2808055642063739229731132565	5410	19266
3526469	209348	0.030831516661476175646216132	594	19266
3183325	721541	0.1996285979572887650882079851	215	1077
559878	721541	0.2061281337047353760445682451	222	1077
1057747	721541	0.3147632311977715877437325905	339	1077
2253949	721541	0.2794800371402042711234911792	301	1077
3831739	102266	0.0192209489960577649774291725	941	48957
799695	102266	0.4498845926016708540147476357	22025	48957
5690806	102266	0.1735808975223155013583348653	8498	48957
5692773	102266	0.0087219396613354576465061176	427	48957
1896397	102266	0.2713401556467920828482137386	13284	48957
5477129	102266	0.0260636885430071287047817472	1276	48957
5657608	102266	0.051187777028821210449986723	2506	48957
3831739	102270	0.2301282051282051282051282051	359	1560
1896397	102270	0.5423076923076923076923076923	846	1560
3488863	102270	0.2275641025641025641025641026	355	1560
5690806	116477	0.0131190329006113057215468095	382	29118
1896397	116477	0.0382237791057078096023078508	1113	29118
5611317	116477	0.2570574902122398516381619617	7485	29118
2270502	116477	0.0437530050140806374064152758	1274	29118
5215619	116477	0.5435126038876296448931932138	15826	29118
5657608	116477	0.0285390480115392540696476406	831	29118
3488863	116477	0.0757950408681914966687272478	2207	29118
3831739	59604	0.3810260376385666408868265017	1478	3879
5215619	59604	0.2469708687806135601959267853	958	3879
1953289	59604	0.3271461716937354988399071926	1269	3879
3488863	59604	0.0448569218870843000773395205	174	3879
2625750	70299	0.6251504211793020457280385078	2078	3324
3558532	70299	0.3748495788206979542719614922	1246	3324
5713205	8866688	0.3364122508507535245503159942	692	2057
3044446	8866688	0.2834224598930481283422459893	583	2057
5780876	8866688	0.3801652892561983471074380165	782	2057
3586653	810935	0.4436705027256208358570563295	1465	3302
2494678	810935	0.5563294972743791641429436705	1837	3302
3586653	810936	0.3885350318471337579617834395	122	314
2494678	810936	0.6114649681528662420382165605	192	314
2091564	11279727	0.0292901447277739490006891799	255	8706
5727986	11279727	0.250631748219618653801975649	2182	8706
559878	11279727	0.0977486790719044337238685964	851	8706
5341466	11279727	0.1227888812313347116930852286	1069	8706
2857231	11279727	0.4995405467493682517803813462	4349	8706
5727986	1324357	0.3493205435651478816946442846	437	1251
2857231	1324357	0.0679456434852118305355715428	85	1251
5671465	1324357	0.3173461231015187849720223821	397	1251
5577429	1324357	0.2653876898481215027977617906	332	1251
2091564	2357174	0.1124338624338624338624338624	85	756
5341466	2357174	0.8875661375661375661375661376	671	756
5433829	373911	0.0449050086355785837651122625	130	2895
3183325	373911	0.0341968911917098445595854922	99	2895
559878	373911	0.110189982728842832469775475	319	2895
5341466	373911	0.131260794473229706390328152	380	2895
5735754	373911	0.0428324697754749568221070812	124	2895
2253949	373911	0.6366148531951640759930915371	1843	2895
5433829	41284575	0.1307317073170731707317073171	134	1025
5727986	41284575	0.4643902439024390243902439024	476	1025
2857231	41284575	0.4048780487804878048780487805	415	1025
5727986	7866637	0.1613722998729351969504447268	127	787
559878	7866637	0.4078780177890724269377382465	321	787
5341466	7866637	0.4307496823379923761118170267	339	787
5433829	8016992	0.070802005012531328320802005	113	1596
5727986	8016992	0.2224310776942355889724310777	355	1596
5341466	8016992	0.2073934837092731829573934837	331	1596
2857231	8016992	0.4993734335839598997493734336	797	1596
2489177	2246495	0.1072261072261072261072261072	276	2574
5834964	2246495	0.8927738927738927738927738928	2298	2574
2489177	2333054	0.1500547645125958378970427163	274	1826
3674483	2333054	0.1078860898138006571741511501	197	1826
5834964	2333054	0.3455640744797371303395399781	631	1826
5290029	2333054	0.3964950711938663745892661555	724	1826
2489177	682028	0.1095744680851063829787234043	3811	34780
3674483	682028	0.022829212190914318573893042	794	34780
5834964	682028	0.3691776883266244968372627947	12840	34780
3587245	682028	0.2009488211615871190339275446	6989	34780
3085290	682028	0.1552328924669350201265094882	5399	34780
5645983	682028	0.0698102357676825761932144911	2428	34780
2494678	682028	0.0340138010350776308223116734	1183	34780
5837821	682028	0.027027027027027027027027027	940	34780
5290029	682028	0.005779183438757906843013226	201	34780
5584785	682028	0.0056066705002875215641173088	195	34780
377092	10547020	0.6580976863753213367609254499	256	389
3750958	10547020	0.3419023136246786632390745501	133	389
377092	10552112	0.4034511092851273623664749384	1964	4868
3649032	10552112	0.0747740345110928512736236647	364	4868
1096822	10552112	0.058134757600657354149548069	283	4868
3750958	10552112	0.0560805258833196384552177486	273	4868
5726153	10552112	0.0347165160230073952341824158	169	4868
1369427	10552112	0.0825801150369761709120788825	402	4868
2023345	10552112	0.290262941659819227608874281	1413	4868
3649032	106332455	0.5732984293193717277486910995	657	1146
1233926	106332455	0.3272251308900523560209424084	375	1146
720656	106332455	0.0994764397905759162303664921	114	1146
377092	107059	0.0469761590623178178024608021	1531	32591
1177294	107059	0.0034058482403117425055997054	111	32591
388297	107059	0.1435365591727777607314902887	4678	32591
301437	107059	0.0912215028688901844067380565	2973	32591
298364	107059	0.0069957963855052008223129085	228	32591
1096822	107059	0.0684237979810377097971832715	2230	32591
5726153	107059	0.0096345616888097941149397073	314	32591
2880060	107059	0.0330459329262679880948728176	1077	32591
720656	107059	0.0329845662913074161578349851	1075	32591
2130640	107059	0.0243932373968273449725384309	795	32591
2023345	107059	0.0739161118100088981620692829	2409	32591
3141158	107059	0.0567641373385290417599950907	1850	32591
890178	107059	0.0365131478015403025375103556	1190	32591
500165	107059	0.3591482311067472615139148845	11705	32591
623836	107059	0.0130404099291215366205394127	425	32591
388297	107062	0.2655767177931344457553795157	4727	17799
104363	107062	0.0141580987695937974043485589	252	17799
301437	107062	0.0190460138210011798415641328	339	17799
263838	107062	0.0143828304960952862520366313	256	17799
298364	107062	0.0277543682229338726894769369	494	17799
1096822	107062	0.3699646047530760155064891286	6585	17799
720656	107062	0.0134839035900893308612843418	240	17799
2236449	107062	0.0364065396932411933254677229	648	17799
2130640	107062	0.0064048542052924321591100624	114	17799
2023345	107062	0.0986572279341536041350637676	1756	17799
3141158	107062	0.0083150738805550873644586775	148	17799
890178	107062	0.0693859205573346817236923423	1235	17799
500165	107062	0.0474183942918141468621832687	844	17799
623836	107062	0.0090454519916849261194449126	161	17799
377092	136773	0.0558902971119883648452108872	269	4813
5833780	136773	0.1026386868896738001246623727	494	4813
263838	136773	0.0552669852482858923748182007	266	4813
298364	136773	0.0411385830043631830459173073	198	4813
5726153	136773	0.0430085185954706004570953667	207	4813
890178	136773	0.0361520880947434032827758155	174	4813
500165	136773	0.6659048410554747558695200499	3205	4813
377092	13866738	0.4993481095176010430247718383	383	767
1096822	13866738	0.2503259452411994784876140808	192	767
1369427	13866738	0.2503259452411994784876140808	192	767
301437	1629876	0.0288300368756285618504860878	86	2983
3750958	1629876	0.1146496815286624203821656051	342	2983
500165	1629876	0.8565202815957090177673483071	2555	2983
1177294	1799328	0.0146376294180649767940021421	123	8403
104363	1799328	0.0132095680114244912531238843	111	8403
1096822	1799328	0.6982030227299773890277281923	5867	8403
3750958	1799328	0.0226109722718076877305724146	190	8403
5726153	1799328	0.0239200285612281328097108176	201	8403
2130640	1799328	0.0132095680114244912531238843	111	8403
890178	1799328	0.0303463048911103177436629775	255	8403
500165	1799328	0.1838629061049625133880756873	1545	8403
301437	1799330	0.1295180722891566265060240964	86	664
3750958	1799330	0.2183734939759036144578313253	145	664
2130640	1799330	0.1671686746987951807228915663	111	664
2023345	1799330	0.3177710843373493975903614458	211	664
890178	1799330	0.1671686746987951807228915663	111	664
298364	1799422	0.8090452261306532663316582915	483	597
720656	1799422	0.1909547738693467336683417085	114	597
1233926	18867240	0.230487804878048780487804878	378	1640
890178	18867240	0.769512195121951219512195122	1262	1640
377092	195797	0.3040380047505938242280285036	512	1684
1096822	195797	0.1324228028503562945368171021	223	1684
1369427	195797	0.1342042755344418052256532067	226	1684
2023345	195797	0.1615201900237529691211401425	272	1684
500165	195797	0.2678147268408551068883610451	451	1684
377092	2200509	0.3601340033500837520938023451	215	597
388297	2200509	0.2747068676716917922948073702	164	597
1369427	2200509	0.3651591289782244556113902848	218	597
377092	232884	0.0690762220381110190555095278	667	9656
298364	232884	0.0599627174813587406793703397	579	9656
1096822	232884	0.0332435791217895608947804474	321	9656
1369427	232884	0.0230944490472245236122618061	223	9656
500165	232884	0.7069179784589892294946147473	6826	9656
623836	232884	0.1077050538525269262634631317	1040	9656
263838	232903	0.64375	515	800
298364	232903	0.24875	199	800
3141158	232903	0.1075	86	800
377092	236670	0.3703703703703703703703703704	760	2052
1096822	236670	0.1929824561403508771929824561	396	2052
1369427	236670	0.3070175438596491228070175439	630	2052
2130640	236670	0.0877192982456140350877192982	180	2052
3141158	236670	0.0419103313840155945419103314	86	2052
104363	236701	0.5131578947368421052631578947	234	456
3141158	236701	0.4868421052631578947368421053	222	456
377092	32041164	0.6925207756232686980609418283	250	361
2130640	32041164	0.3074792243767313019390581717	111	361
377092	3348006	0.1059456814289209689258624908	866	8174
3649032	3348006	0.018595546855884511866895033	152	8174
5833780	3348006	0.0621482750183508686077807683	508	8174
791570	3348006	0.2592366038659163200391485197	2119	8174
1233926	3348006	0.0447761194029850746268656716	366	8174
104363	3348006	0.0135796427697577685343772939	111	8174
301437	3348006	0.0395155370687545877171519452	323	8174
298364	3348006	0.0143136775140689992659652557	117	8174
1096822	3348006	0.133961340836799608514803034	1095	8174
2880060	3348006	0.1404453144115488133104966968	1148	8174
1369427	3348006	0.0489356496207487154391974553	400	8174
2130640	3348006	0.0105211646684609738194274529	86	8174
3141158	3348006	0.0105211646684609738194274529	86	8174
500165	3348006	0.0975042818693418155126009298	797	8174
377092	430232	0.5524193548387096774193548387	137	248
104363	430232	0.4475806451612903225806451613	111	248
377092	435910	0.0563821456538762725137039937	144	2554
301437	435910	0.0638214565387627251370399374	163	2554
5726153	435910	0.1534847298355520751761942052	392	2554
2023345	435910	0.2846515270164447924823805795	727	2554
500165	435910	0.4416601409553641346906812843	1128	2554
301437	435911	0.1599713055954088952654232425	223	1394
263838	435911	0.4053084648493543758967001435	565	1394
5726153	435911	0.1434720229555236728837876614	200	1394
3141158	435911	0.053802008608321377331420373	75	1394
500165	435911	0.2374461979913916786226685796	331	1394
3750958	435915	0.4744897959183673469387755102	186	392
1369427	435915	0.5255102040816326530612244898	206	392
377092	453645	0.0529230769230769230769230769	86	1625
2236449	453645	0.2313846153846153846153846154	376	1625
500165	453645	0.7156923076923076923076923077	1163	1625
377092	494679	0.0346989357049132526607377169	238	6859
1096822	494679	0.4207610438839480973902901298	2886	6859
2880060	494679	0.0989940224522525149438693687	679	6859
1369427	494679	0.1250911211546872721971132818	858	6859
500165	494679	0.3204548768041988628079895028	2198	6859
377092	5908288	0.1874386653581943081452404318	191	1019
1369427	5908288	0.2080471050049067713444553484	212	1019
2236449	5908288	0.4955839057899901864573110893	505	1019
890178	5908288	0.1089303238469087340529931305	111	1019
377092	911980	0.2205513784461152882205513784	176	798
301437	911980	0.5426065162907268170426065163	433	798
2130640	911980	0.2368421052631578947368421053	189	798
377092	950659	0.3994053518334985133795837463	403	1009
1096822	950659	0.2933597621407333994053518335	296	1009
1369427	950659	0.1972249752229930624380574827	199	1009
890178	950659	0.1100099108027750247770069376	111	1009
301437	98022	0.125997917389795209996528983	363	2881
263838	98022	0.1162790697674418604651162791	335	2881
3750958	98022	0.2311697327316903852828878862	666	2881
2130640	98022	0.0597014925373134328358208955	172	2881
623836	98022	0.4668517875737591114196459563	1345	2881
388297	99018	0.0413043478260869565217391304	114	2760
1233926	99018	0.139130434782608695652173913	384	2760
298364	99018	0.135869565217391304347826087	375	2760
2130640	99018	0.0311594202898550724637681159	86	2760
890178	99018	0.0811594202898550724637681159	224	2760
500165	99018	0.5713768115942028985507246377	1577	2760
1096822	994382	0.630573248407643312101910828	297	471
2130640	994382	0.369426751592356687898089172	174	471
5562695	1024022	0.3039673278879813302217036173	521	1714
3684989	1024022	0.2380396732788798133022170362	408	1714
5680176	1024022	0.4579929988331388564760793466	785	1714
5562695	1056283	0.1776321247822118974529162864	2141	12053
3684989	1056283	0.2406869659006056583423214138	2901	12053
5587676	1056283	0.3943416576785862440886086452	4753	12053
3566274	1056283	0.1632788517381564755662490666	1968	12053
5680176	1056283	0.0240603999004397245499045881	290	12053
930627	10595367	0.4367816091954022988505747126	114	261
3048752	10595367	0.5632183908045977011494252874	147	261
5272325	1127288	0.1048207486169983475824412673	1459	13919
5562695	1127288	0.0810403046195847402830663122	1128	13919
2562537	1127288	0.1433292621596379050219124937	1995	13919
3684989	1127288	0.0193261010130038077448092535	269	13919
5587676	1127288	0.5708025001796106042100725627	7945	13919
3566274	1127288	0.0806810834111645951576981105	1123	13919
5272325	123220	0.7994652406417112299465240642	598	748
3048752	123220	0.2005347593582887700534759358	150	748
5272325	13942675	0.1280701754385964912280701754	584	4560
930627	13942675	0.7756578947368421052631578947	3537	4560
5686698	13942675	0.0962719298245614035087719298	439	4560
1967601	1693215	0.4076576576576576576576576577	181	444
3684989	1693215	0.5923423423423423423423423423	263	444
2562537	18929302	0.765840220385674931129476584	834	1089
5680176	18929302	0.234159779614325068870523416	255	1089
5272325	202363	0.2791253215729511209114296215	1519	5442
1967601	202363	0.069276001470047776552737964	377	5442
3048752	202363	0.0576993752296949650863653069	314	5442
3766182	202363	0.0630282984196986402058066887	343	5442
5587676	202363	0.530871003307607497243660419	2889	5442
5562695	202367	0.1115241635687732342007434944	150	1345
930627	202367	0.560594795539033457249070632	754	1345
5090214	202367	0.3278810408921933085501858736	441	1345
5272325	238734455	0.2668918918918918918918918919	790	2960
3566274	238734455	0.7331081081081081081081081081	2170	2960
3684989	259917	0.1999068033550792171481826654	429	2146
3835079	259917	0.1272134203168685927306616962	273	2146
5587676	259917	0.6728797763280521901211556384	1444	2146
5272325	286895	0.1084378466001194437334698405	1271	11721
3684989	286895	0.0534084122515143759064926201	626	11721
3835079	286895	0.4403207917413190000853169525	5161	11721
5680176	286895	0.1069021414555072092824844297	1253	11721
5860994	286895	0.2909308079515399709922361573	3410	11721
5562695	286897	0.0098658247829518547750591949	150	15204
2562537	286897	0.2967640094711917916337805841	4512	15204
3684989	286897	0.0335438042620363062352012628	510	15204
3566274	286897	0.6598263614838200473559589582	10032	15204
5272325	286899	0.7965913932680017043033659991	9348	11735
3566274	286899	0.2034086067319982956966340009	2387	11735
5272325	3045898	0.0038728784599612712154003873	170	43895
5368561	3045898	0.0091810001139081899988609181	403	43895
2009061	3045898	0.0543569882674564301173254357	2386	43895
930627	3045898	0.2764551771272354482287276455	12135	43895
2562537	3045898	0.316710331472832896685271671	13902	43895
3684989	3045898	0.1861032008201389679917986103	8169	43895
3566274	3045898	0.1191479667388085203326119148	5230	43895
5680176	3045898	0.0341724569996582754300034172	1500	43895
5272325	3865682	0.1354975952645209027007029227	1465	10812
5562695	3865682	0.8645024047354790972992970773	9347	10812
5272325	3865683	0.5628078817733990147783251232	1371	2436
5562695	3865683	0.4371921182266009852216748768	1065	2436
5272325	4585411	0.1469874646178730287100687424	3635	24730
5562695	4585411	0.0570562070359886777193691872	1411	24730
3048752	4585411	0.0046097856854023453295592398	114	24730
3684989	4585411	0.056611403154063890012131015	1400	24730
5587676	4585411	0.3344520824909017387788111605	8271	24730
3566274	4585411	0.3514759401536595228467448443	8692	24730
5680176	4585411	0.0488071168621107966033158108	1207	24730
3684989	51291673	0.0917941585535465924895688456	462	5033
3835079	51291673	0.3155175839459566858732366382	1588	5033
5587676	51291673	0.5926882575004967216371945162	2983	5033
5272325	5158631	0.3951868271057631412286257125	1248	3158
3684989	5158631	0.6048131728942368587713742875	1910	3158
5272325	5528967	0.6326530612244897959183673469	837	1323
5368561	5528967	0.3673469387755102040816326531	486	1323
3048752	63314012	0.104821802935010482180293501	150	1431
3684989	63314012	0.2047519217330538085255066387	293	1431
5587676	63314012	0.6904262753319357092941998602	988	1431
2430865	6482187	0.3479145473041709053916581892	342	983
5680176	6482187	0.6520854526958290946083418108	641	983
5272325	6482547	0.0359755688301228270353715014	536	14899
2009061	6482547	0.0395999731525605745352037049	590	14899
930627	6482547	0.0796026578965031210148332103	1186	14899
3684989	6482547	0.3533123028391167192429022082	5264	14899
3077781	6482547	0.0100677897845492986106450097	150	14899
3566274	6482547	0.28619370427545472850526881	4264	14899
5680176	6482547	0.1952480032216927310557755554	2909	14899
3048752	6738976	0.2029399755002041649652919559	497	2449
3684989	6738976	0.1625153123723968966925275623	398	2449
3077781	6738976	0.153532053899550837076357697	376	2449
2430865	6738976	0.0743160473662719477337688853	182	2449
3566274	6738976	0.4066966108615761535320538996	996	2449
2009061	70958	0.0263801035077630822311673376	367	13912
930627	70958	0.5460034502587694077055779183	7596	13912
5825269	70958	0.0340713053479010925819436458	474	13912
5587676	70958	0.0710897067280046003450258769	989	13912
3566274	70958	0.3224554341575618171362852214	4486	13912
5272325	70966	0.0631612696377043924334722668	197	3119
2009061	70966	0.1006732927220262904777172171	314	3119
2562537	70966	0.2869509458159666559794806028	895	3119
3684989	70966	0.1542160949022122475152292401	481	3119
5680176	70966	0.3949983969220904135941006733	1232	3119
3684989	70971	0.8107594936708860759493670886	1281	1580
5680176	70971	0.1892405063291139240506329114	299	1580
5368561	70973	0.4009720534629404617253948967	2310	5761
3684989	70973	0.1088352716542266967540357577	627	5761
3835079	70973	0.0260371463287623676445061621	150	5761
5587676	70973	0.1780940808887345946884221489	1026	5761
3566274	70973	0.2098593994098246832147196667	1209	5761
5680176	70973	0.0762020482555111959729213678	439	5761
5272325	7334770	0.0289007834459661503498594582	1933	66884
1967601	7334770	0.076072005262843131391663178	5088	66884
5562695	7334770	0.0204832246875186890736199988	1370	66884
2562537	7334770	0.064903414867531846181448478	4341	66884
3048752	7334770	0.0134561330063991388074875905	900	66884
3766182	7334770	0.024908797320734405836971473	1666	66884
3684989	7334770	0.0687159858860116021769032953	4596	66884
5587676	7334770	0.4630703905268823634950062795	30972	66884
2430865	7334770	0.0119012020812152383230668022	796	66884
3566274	7334770	0.2275880629148974343639734466	15222	66884
3684989	7827003	0.5449045188126299867649839289	2882	5289
3566274	7827003	0.1162790697674418604651162791	615	5289
5680176	7827003	0.338816411419928152769899792	1792	5289
3766182	802065	0.9040050858232676414494596313	4266	4719
3684989	802065	0.0959949141767323585505403687	453	4719
5272325	8193915	0.9061913696060037523452157598	1449	1599
3048752	8193915	0.0938086303939962476547842402	150	1599
5272325	862292	0.2912446545127166329056943507	1294	4443
5368561	862292	0.1132117938329957236101733063	503	4443
5562695	862292	0.5617825793382849426063470628	2496	4443
3048752	862292	0.0337609723160027008777852802	150	4443
5272325	8919054	0.0533136966126656848306332842	181	3395
930627	8919054	0.0865979381443298969072164948	294	3395
3684989	8919054	0.1378497790868924889543446244	468	3395
3077781	8919054	0.0615611192930780559646539028	209	3395
3566274	8919054	0.343740795287187039764359352	1167	3395
5680176	8919054	0.3169366715758468335787923417	1076	3395
5208697	1129643	0.7908366533864541832669322709	794	1004
3789955	1129643	0.2091633466135458167330677291	210	1004
5208697	13630723	0.731557377049180327868852459	714	976
3049072	13630723	0.268442622950819672131147541	262	976
5208697	1448306	0.6393188854489164086687306502	826	1292
3519323	1448306	0.3606811145510835913312693498	466	1292
5208697	233893	0.245624808105618667485416027	800	3257
5587676	233893	0.754375191894381332514583973	2457	3257
5785007	3081104	0.6401483119755415338580628374	9841	15373
5587676	3081104	0.3598516880244584661419371626	5532	15373
5208697	535589	0.0856394913986537023186237846	687	8022
5785007	535589	0.7236350037397157816005983545	5805	8022
5587676	535589	0.1907255048616305160807778609	1530	8022
5208697	6926047	0.1862519201228878648233486943	5335	28644
5785007	6926047	0.1430666108085462924172601592	4098	28644
5587676	6926047	0.6706814690685658427593911465	19211	28644
5618731	107136	0.3475091130012150668286755772	286	823
5737582	107136	0.6524908869987849331713244228	537	823
5837821	38948	0.5850622406639004149377593361	282	482
5584785	38948	0.4149377593360995850622406639	200	482
2503166	2133036	0.7054935976869062370921106981	1708	2421
753211	2133036	0.2945064023130937629078893019	713	2421
2503166	2812028	0.4760632833367577563180604068	2317	4867
753211	2812028	0.5239367166632422436819395932	2550	4867
2503166	459699	0.3231173380035026269702276708	369	1142
753211	459699	0.6768826619964973730297723292	773	1142
753211	771286	0.8080204778156996587030716724	947	1172
5248254	771286	0.1919795221843003412969283276	225	1172
3010865	149115	0.8665951039150788681158123863	29063	33537
5411198	149115	0.1220741270835196946655932254	4094	33537
3733779	149115	0.0113307690014014372185943883	380	33537
3010865	149130	0.8398710370768404083825900054	35949	42803
3674483	149130	0.0736396981519986916804896853	3152	42803
5411198	149130	0.0864892647711608999369203093	3702	42803
3387192	103577279	0.1827956989247311827956989247	578	3162
2828784	103577279	0.8172043010752688172043010753	2584	3162
3387192	184703	0.070249479138842886906351835	2630	37438
1868763	184703	0.0039264917997756290400128212	147	37438
3013431	184703	0.0465569741973396014744377371	1743	37438
5091905	184703	0.0058763822853784924408355147	220	37438
5783941	184703	0.0622629413964421176344890218	2331	37438
475023	184703	0.7962765104973556279715796784	29811	37438
5810931	184703	0.0148512206848656445322933917	556	37438
3387192	245550	0.849910661107802263251935676	1427	1679
5810931	245550	0.150089338892197736748064324	252	1679
3387192	93040	0.7970230040595399188092016238	1178	1478
5524664	93040	0.2029769959404600811907983762	300	1478
5296162	11409368	0.6773743016759776536312849162	485	716
2857231	11409368	0.3226256983240223463687150838	231	716
5341466	42674879	0.7722567287784679089026915114	373	483
5671465	42674879	0.2277432712215320910973084886	110	483
1021992	76473	0.402531645569620253164556962	477	1185
5727986	76473	0.095358649789029535864978903	113	1185
5341466	76473	0.3139240506329113924050632911	372	1185
2857231	76473	0.0928270042194092827004219409	110	1185
5800629	76473	0.095358649789029535864978903	113	1185
3615250	45434	0.0595984943538268506900878294	475	7970
5840632	45434	0.09962358845671267252195734	794	7970
1865824	45434	0.8407779171894604767879548306	6701	7970
3615250	60829	0.1267487409065472859541130386	453	3574
5557540	60829	0.8732512590934527140458869614	3121	3574
5557540	332341	0.3307522123893805309734513274	3588	10848
5779007	332341	0.6692477876106194690265486726	7260	10848
5530559	5516551	0.225130890052356020942408377	301	1337
5561916	5516551	0.774869109947643979057591623	1036	1337
2804264	184724	0.0243700159489633173843700159	382	15675
5788932	184724	0.0115470494417862838915470494	181	15675
1868763	184724	0.0293460925039872408293460925	460	15675
3013431	184724	0.1119617224880382775119617225	1755	15675
5091905	184724	0.0159489633173843700159489633	250	15675
5783941	184724	0.2496331738437001594896331738	3913	15675
3820467	184724	0.0315789473684210526315789474	495	15675
5285790	184724	0.0516746411483253588516746411	810	15675
475023	184724	0.077830940988835725677830941	1220	15675
5834986	184724	0.0603508771929824561403508772	946	15675
882204	184724	0.0820414673046251993620414673	1286	15675
5489440	184724	0.0297288676236044657097288676	466	15675
2478594	184724	0.1859011164274322169059011164	2914	15675
5810931	184724	0.0380861244019138755980861244	597	15675
5285790	208683	0.8961937716262975778546712803	1295	1445
5810931	208683	0.1038062283737024221453287197	150	1445
2804264	76740	0.0056566503052795402849275709	756	133648
2213764	76740	0.0336929845564467855860169999	4503	133648
5565260	76740	0.0371872381180414222435053274	4970	133648
2901517	76740	0.0095773973422722375194540884	1280	133648
3822379	76740	0.1384831796959176343828564588	18508	133648
2767315	76740	0.7754025499820423799832395547	103631	133648
2804264	93036	0.6868475991649269311064718163	658	958
5524664	93036	0.3131524008350730688935281837	300	958
5690806	1218385	0.6182383282634572146541462769	9349	15122
1896397	1218385	0.3817616717365427853458537231	5773	15122
1896397	1298784	0.6364536899455175829618623081	1285	2019
5610065	1298784	0.0797424467558197127290737989	161	2019
5477129	1298784	0.283803863298662704309063893	573	2019
5690806	174164	0.6397390868038133467134972403	2550	3986
1896397	174164	0.2940291018564977420973406924	1172	3986
5610065	174164	0.0662318113396889111891620672	264	3986
5690806	348227	0.2868515108848694898732806238	5297	18466
1896397	348227	0.0542077331311599696739954511	1001	18466
5611317	348227	0.6529297086537420123470161378	12057	18466
5657608	348227	0.0060110473302285281057077873	111	18466
5590133	352925	0.8184463194646494035496072156	2813	3437
5611317	352925	0.1815536805353505964503927844	624	3437
5690806	735817	0.3502119116662948918135177337	1570	4483
1896397	735817	0.6497880883337051081864822663	2913	4483
5690806	735819	0.4462340123164377072477498816	942	2111
1896397	735819	0.5537659876835622927522501184	1169	2111
1096822	10118563	0.7211055276381909547738693467	287	398
890178	10118563	0.2788944723618090452261306533	111	398
3649032	41126098	0.3246073298429319371727748691	124	382
1369427	41126098	0.6753926701570680628272251309	258	382
3649032	4635630	0.6559440559440559440559440559	469	715
791570	4635630	0.3440559440559440559440559441	246	715
3649032	782366	0.622448979591836734693877551	183	294
2130640	782366	0.377551020408163265306122449	111	294
3649032	856035	0.54375	261	480
2023345	856035	0.45625	219	480
1181955	103036085	0.8978549540347293156281920327	5274	5874
5834986	103036085	0.1021450459652706843718079673	600	5874
1181955	10732911	0.5516393442622950819672131148	2019	3660
3013431	10732911	0.4483606557377049180327868852	1641	3660
1181955	14594599	0.8553408480944712828770799785	12748	14904
3013431	14594599	0.1123859366612989801395598497	1675	14904
475023	14594599	0.0322732152442297369833601718	481	14904
1181955	213346	0.9838351182056981208324914124	14607	14847
5810931	213346	0.0161648817943018791675085876	240	14847
753211	101159	0.8038164130705911698677974557	6445	8018
1236899	101159	0.040658518333749064604639561	326	8018
335513	101159	0.1555250685956597655275629833	1247	8018
2267608	101166	0.0271308553650825639540009825	2154	79393
753211	101166	0.8113183781945511569030015241	64413	79393
5727764	101166	0.0188555666116660158956079251	1497	79393
335513	101166	0.1426951998287002632473895683	11329	79393
3773540	11135673	0.0249158249158249158249158249	111	4455
2267608	11135673	0.0588103254769921436588103255	262	4455
753211	11135673	0.9162738496071829405162738496	4082	4455
3773540	15410506	0.1414528889954447374730280508	590	4171
753211	15410506	0.8585471110045552625269719492	3581	4171
3773540	159410387	0.3033613445378151260504201681	361	1190
753211	159410387	0.6966386554621848739495798319	829	1190
347908	183897	0.1634906886097877869207449112	1510	9236
5727764	183897	0.3840407102641836292767431789	3547	9236
335513	183897	0.4404504114335210047639670853	4068	9236
5790424	183897	0.0120181896925075790385448246	111	9236
2267608	202508	0.6059654631083202511773940345	1158	1911
5227211	202508	0.3940345368916797488226059655	753	1911
5791557	31768	0.6108442004118050789293067948	890	1457
5735349	31768	0.2560054907343857240905971174	373	1457
5227211	31768	0.1331503088538091969800960879	194	1457
335513	31770	0.2830762987012987012987012987	1395	4928
5735349	31770	0.7169237012987012987012987013	3533	4928
2267608	37247474	0.7847646424721523535752784765	2184	2783
753211	37247474	0.2152353575278476464247215235	599	2783
753211	521227	0.9757939381400641357194579497	9433	9667
5735349	521227	0.0242060618599358642805420503	234	9667
753211	574910	0.1433048433048433048433048433	1509	10530
5735349	574910	0.8566951566951566951566951567	9021	10530
2267608	574988	0.8732458125848800362154821186	7716	8836
753211	574988	0.0985740153915799004074241738	871	8836
5248254	574988	0.0281801720235400633770937076	249	8836
1236899	614009	0.9451639570129512262331220722	3430	3629
5671141	614009	0.0548360429870487737668779278	199	3629
753211	670081	0.8717607973421926910299003322	1312	1505
5671141	670081	0.1282392026578073089700996678	193	1505
3773540	7968680	0.3886639676113360323886639676	384	988
753211	7968680	0.6113360323886639676113360324	604	988
3773540	79974417	0.1102394715111478117258464079	267	2422
753211	79974417	0.2654830718414533443435177539	643	2422
5790424	79974417	0.6242774566473988439306358382	1512	2422
5810716	122769	0.3901999639704557737344622591	2166	5551
2492640	122769	0.3237254548729958566024139795	1797	5551
3153247	122769	0.2563502071698793010268420104	1423	5551
3526469	122769	0.029724373986669068636281751	165	5551
5810716	122809	0.5380739081746920492721164614	961	1786
5440164	122809	0.3499440089585666293393057111	625	1786
3153247	122809	0.1119820828667413213885778275	200	1786
5810716	202770	0.2643047238855622089155023287	1589	6012
5383407	202770	0.7356952761144377910844976713	4423	6012
3199199	76681	0.8492197385069590889919865036	8054	9484
5524664	76681	0.1507802614930409110080134964	1430	9484
347908	1082665	0.0396659707724425887265135699	114	2874
1236899	1082665	0.9603340292275574112734864301	2760	2874
347908	591036	0.0880062305295950155763239875	113	1284
1087778	591036	0.9119937694704049844236760125	1171	1284
753211	92249	0.9265426477602879320064177616	21367	23061
335513	92249	0.0734573522397120679935822384	1694	23061
675120	70286	0.5235917456776352481873954267	4694	8965
5527073	70286	0.0635805911879531511433351924	570	8965
5794743	70286	0.3847183491355270496374790853	3449	8965
5742033	70286	0.0281093139988845510317902956	252	8965
5088118	162537	0.8255205304175875305339071769	7097	8597
5489440	162537	0.1744794695824124694660928231	1500	8597
5321299	407702	0.6979670344348569444073411161	52254	74866
5421485	407702	0.2980391633051051211497876205	22313	74866
5385723	407702	0.0039938022600379344428712633	299	74866
5321299	588953635	0.5448849630238290879211175021	5305	9736
5421485	588953635	0.4551150369761709120788824979	4431	9736
5321299	614511036	0.5197390246599579785469423864	4700	9043
5421485	614511036	0.4802609753400420214530576136	4343	9043
5201958	109401	0.4786995515695067264573991031	2135	4460
3820467	109401	0.1596412556053811659192825112	712	4460
5711586	109401	0.3616591928251121076233183857	1613	4460
3041886	131614	0.1723361865407319952774498229	9342	54208
5524664	131614	0.4285529811097992916174734357	23231	54208
3820467	131614	0.0544569067296340023612750885	2952	54208
2901517	131614	0.0414329988193624557260920897	2246	54208
5808367	131614	0.1209231109799291617473435655	6555	54208
5711586	131614	0.1822978158205430932703659976	9882	54208
5788932	1879473	0.9451507446422084998183799491	2602	2753
5787604	1879473	0.0548492553577915001816200509	151	2753
3674483	10638847	0.3883977900552486187845303867	703	1810
5834964	10638847	0.6116022099447513812154696133	1107	1810
3674483	10638942	0.0276843467011642949547218629	107	3865
5834964	10638942	0.4059508408796895213454075032	1569	3865
3833185	10638942	0.4204398447606727037516170763	1625	3865
5290029	10638942	0.1459249676584734799482535576	564	3865
5834964	10638943	0.0742012696430429805390779478	713	9609
3090517	10638943	0.7937350400666042252055364762	7627	9609
3833185	10638943	0.132063690290352794255385576	1269	9609
3674483	58376011	0.3794772507260406582768635044	392	1033
5290029	58376011	0.6205227492739593417231364956	641	1033
5809281	146111	0.3266525342069762960107920601	5085	15567
5561916	146111	0.3341041947709899145628573264	5201	15567
5779007	146111	0.3392432710220337894263506135	5281	15567
5562695	1056285	0.2195775066944361797084201131	738	3361
3566274	1056285	0.7804224933055638202915798869	2623	3361
5368561	11176173	0.8898050974512743628185907046	1187	1334
930627	11176173	0.1101949025487256371814092954	147	1334
3048752	15645690	0.040229885057471264367816092	147	3654
5587676	15645690	0.3122605363984674329501915709	1141	3654
3566274	15645690	0.6475095785440613026819923372	2366	3654
3048752	1850999	0.0934256055363321799307958478	135	1445
3566274	1850999	0.9065743944636678200692041522	1310	1445
5368561	30771515	0.0944262295081967213114754098	144	1525
930627	30771515	0.2445901639344262295081967213	373	1525
3684989	30771515	0.2629508196721311475409836066	401	1525
5680176	30771515	0.3980327868852459016393442623	607	1525
5368561	38061640	0.1911589008363201911589008363	480	2511
5587676	38061640	0.8088410991636798088410991637	2031	2511
5368561	6241997	0.1385176184690157958687727825	114	823
930627	6241997	0.8614823815309842041312272175	709	823
1967601	70978	0.0178701677607585703865791393	147	8226
3684989	70978	0.096523219061512278142475079	794	8226
3835079	70978	0.255166545100899586676391928	2099	8226
5587676	70978	0.217116460004862630683199611	1786	8226
3566274	70978	0.3950887430099683929005592025	3250	8226
5680176	70978	0.0182348650619985412107950401	150	8226
3684989	868994	0.0536113179448994787788533135	288	5372
3835079	868994	0.9463886820551005212211466865	5084	5372
2562537	939655	0.6984326018808777429467084639	2228	3190
3684989	939655	0.2545454545454545454545454545	812	3190
5680176	939655	0.0470219435736677115987460815	150	3190
5727986	1275147	0.368770764119601328903654485	222	602
5341466	1275147	0.631229235880398671096345515	380	602
5734044	10878941	0.4177687351644625296710749407	1232	2949
3202346	10878941	0.2034587995930824008138351984	600	2949
5191211	10878941	0.2309257375381485249237029502	681	2949
5256501	10878941	0.1478467277043065445913869108	436	2949
1149627	1153921	0.5347912524850894632206759443	269	503
5256501	1153921	0.4652087475149105367793240557	234	503
5152393	13784442	0.3856756756756756756756756757	1427	3700
5256501	13784442	0.6143243243243243243243243243	2273	3700
5484102	1427274	0.089969310289129381360038766	557	6191
5152393	1427274	0.7368761104829591342271038604	4562	6191
5256501	1427274	0.1731545792279114844128573736	1072	6191
5484102	17204331	0.0526802218114602587800369686	114	2164
5191211	17204331	0.9473197781885397412199630314	2050	2164
5484102	27929605	0.1647675478577939835916134913	723	4388
5191211	27929605	0.7839562443026435733819507748	3440	4388
5256501	27929605	0.0512762078395624430264357338	225	4388
2188914	35975	0.0198853457542099605876030097	111	5582
3318623	35975	0.232533142242923683267646005	1298	5582
5256501	35975	0.7475815120028663561447509853	4173	5582
5734044	42951468	0.1130657708628005657708628006	1279	11312
3202346	42951468	0.8869342291371994342291371994	10033	11312
5734044	6070905	0.3816209317166560306317804722	598	1567
5256501	6070905	0.6183790682833439693682195278	969	1567
5484102	6119411	0.3056300268096514745308310992	114	373
3752634	6119411	0.6943699731903485254691689008	259	373
5848091	102172	0.0505917085110141051197295047	2005	39631
847381	102172	0.532739522091292170270747647	21113	39631
3820467	102172	0.0299765335217380333577250132	1188	39631
475023	102172	0.3291615149756503747066690217	13045	39631
882204	102172	0.0407509273043829325527995761	1615	39631
5489440	102172	0.0167797935959223839923292372	665	39631
5848091	117118558	0.5939849624060150375939849624	1027	1729
5489440	117118558	0.4060150375939849624060150376	702	1729
5848091	15080935	0.1580623306233062330623306233	2333	14760
847381	15080935	0.5182249322493224932249322493	7649	14760
5489440	15080935	0.3237127371273712737127371274	4778	14760
5848091	254069	0.4666207845836200963523743978	678	1453
2478594	254069	0.5333792154163799036476256022	775	1453
3044446	458359	0.195633921074727120067170445	699	3573
5780876	458359	0.804366078925272879932829555	2874	3573
582626	70280	0.0142253262267965447528027936	387	27205
5562400	70280	0.0926300312442565704833670281	2520	27205
3044446	70280	0.3482815658886234148134534093	9475	27205
5802198	70280	0.0840654291490534828156588862	2287	27205
3558532	70280	0.4607976474912699871347178827	12536	27205
5152393	116556	0.2125748502994011976047904192	639	3006
5650321	116556	0.7185628742514970059880239521	2160	3006
5256501	116556	0.0688622754491017964071856287	207	3006
5152393	202445	0.1548958333333333333333333333	1487	9600
5731846	202445	0.8451041666666666666666666667	8113	9600
2188914	269419	0.2935483870967741935483870968	91	310
3318623	269419	0.7064516129032258064516129032	219	310
5152393	418366	0.0963651732882502113271344041	114	1183
3318623	418366	0.9036348267117497886728655959	1069	1183
5152393	7680789	0.4527421236872812135355892649	776	1714
5731846	7680789	0.3774795799299883313885647608	647	1714
5256501	7680789	0.1697782963827304550758459743	291	1714
5791557	132213	0.3251700680272108843537414966	717	2205
2942822	132213	0.5301587301587301587301587302	1169	2205
5227211	132213	0.1446712018140589569160997732	319	2205
5791557	144714	0.539567256771069753366621274	3566	6609
3842110	144714	0.2193977908912089574822212135	1450	6609
5757237	144714	0.0308669995460735360871538811	204	6609
5256501	144714	0.2101679527916477530640036314	1389	6609
5791557	1663041	0.0360214181405159824760668506	222	6163
3842110	1663041	0.0639299042674022391692357618	394	6163
5832032	1663041	0.9000486775920817783546973876	5547	6163
5791557	1712270	0.2635951661631419939577039275	349	1324
5734044	1712270	0.311933534743202416918429003	413	1324
5757237	1712270	0.4244712990936555891238670695	562	1324
5791557	2186930	0.0412166003411028993746446845	290	7036
3842110	2186930	0.4556566230812961910176236498	3206	7036
5191211	2186930	0.2008243320068220579874928937	1413	7036
5757237	2186930	0.0228823194997157475838544628	161	7036
5832032	2186930	0.2353610005685048322910744741	1656	7036
5256501	2186930	0.0440591245025582717453098351	310	7036
5791557	38248	0.8222748815165876777251184834	694	844
2942822	38248	0.1777251184834123222748815166	150	844
5791557	4233418	0.5821596244131455399061032864	248	426
5256501	4233418	0.4178403755868544600938967136	178	426
5791557	7282441	0.5580357142857142857142857143	250	448
5757237	7282441	0.4419642857142857142857142857	198	448
5791557	741621	0.4909560723514211886304909561	380	774
3842110	741621	0.2751937984496124031007751938	213	774
5757237	741621	0.2338501291989664082687338501	181	774
5811833	298126	0.143153526970954356846473029	552	3856
5254432	298126	0.7959024896265560165975103734	3069	3856
2968795	298126	0.0609439834024896265560165975	235	3856
5811833	36609	0.9904617202667341943107959821	11734	11847
5725891	36609	0.0095382797332658056892040179	113	11847
5811833	87827	0.4458571602384718335563937219	7329	16438
5692773	87827	0.0056576225818226061564667234	93	16438
5675078	87827	0.2344567465628421949142231415	3854	16438
5254432	87827	0.1433872733909234700085168512	2357	16438
2968795	87827	0.1073123251003771748387881737	1764	16438
5489440	87827	0.0633288721255627205256113882	1041	16438
5811833	9138871	0.455465587044534412955465587	4500	9880
5254432	9138871	0.544534412955465587044534413	5380	9880
5524664	469105	0.3043646195442255697180378525	2364	7767
5808367	469105	0.6956353804557744302819621475	5403	7767
3389910	182808	0.0185024380468906552668492419	277	14971
5643770	182808	0.0165653596954111281811502238	248	14971
5834964	182808	0.2378598624006412397301449469	3561	14971
5765197	182808	0.0120232449402177543250283882	180	14971
5645983	182808	0.0362033264311001269120299245	542	14971
5290029	182808	0.3884844031794803286353616993	5816	14971
1214379	182808	0.2903613653062587669494355754	4347	14971
3389910	6149954	0.0960264900662251655629139073	116	1208
5422544	6149954	0.1423841059602649006622516556	172	1208
5737582	6149954	0.155629139072847682119205298	188	1208
5290029	6149954	0.6059602649006622516556291391	732	1208
5562400	70258	0.0603704550651726503544477475	264	4373
2625750	70258	0.9396295449348273496455522525	4109	4373
5562400	70296	0.0759897642468645708670227775	7810	102777
3044446	70296	0.1742218589762300903898732207	17906	102777
2625750	70296	0.0647907605787287038928943246	6659	102777
5802198	70296	0.1778802650398435447619603608	18282	102777
3558532	70296	0.5071173511583330900882493165	52120	102777
5643770	105396	0.0876865671641791044776119403	376	4288
5834964	105396	0.4545242537313432835820895522	1949	4288
2494678	105396	0.4577891791044776119402985075	1963	4288
5740346	6026966	0.5925485533095521204914783987	1495	2523
5837821	6026966	0.4074514466904478795085216013	1028	2523
5855388	10840780	0.3865030674846625766871165644	567	1467
5149786	10840780	0.6134969325153374233128834356	900	1467
5855388	11177830	0.2704402515723270440251572327	86	318
5207180	11177830	0.7295597484276729559748427673	232	318
5855388	11203582	0.5716395864106351550960118168	387	677
5802253	11203582	0.4283604135893648449039881832	290	677
5855388	12856239	0.5793478260869565217391304348	533	920
5149786	12856239	0.4206521739130434782608695652	387	920
5855388	13117762	0.4952651515151515151515151515	1569	3168
5268970	13117762	0.0880681818181818181818181818	279	3168
5256501	13117762	0.4166666666666666666666666667	1320	3168
5855388	14427155	0.5906768837803320561941251596	925	1566
5207180	14427155	0.4093231162196679438058748404	641	1566
5855388	1463077	0.5747621878715814506539833532	3867	6728
5149786	1463077	0.0549940546967895362663495838	370	6728
5207180	1463077	0.2083828775267538644470868014	1402	6728
5256501	1463077	0.0558858501783590963139120095	376	6728
5802253	1463077	0.1059750297265160523186682521	713	6728
5855388	17422258	0.7784974093264248704663212435	1803	2316
5802253	17422258	0.2215025906735751295336787565	513	2316
5855388	24412091	0.3862359550561797752808988764	275	712
5641175	24412091	0.6137640449438202247191011236	437	712
5855388	2689280	0.6572265625	673	1024
5256501	2689280	0.3427734375	351	1024
5855388	34442852	0.6466165413533834586466165414	172	266
5207180	34442852	0.3533834586466165413533834586	94	266
5207180	34442880	0.5358255451713395638629283489	172	321
5802253	34442880	0.4641744548286604361370716511	149	321
5855388	362154	0.6338136407300672430355427474	3299	5205
5268970	362154	0.3661863592699327569644572526	1906	5205
5855388	48379	0.2679989649475507076175879297	13464	50239
5632092	48379	0.0045184020382571309142299807	227	50239
5149786	48379	0.1519536614980393718027826987	7634	50239
5641175	48379	0.0845359183104759250781265551	4247	50239
5268970	48379	0.0212384800652879237245964291	1067	50239
5207180	48379	0.4098608650649893509026851649	20591	50239
5256501	48379	0.0175759867831764167280399689	883	50239
5802253	48379	0.0423177212922231732319512729	2126	50239
5855388	48645	0.3651932644469957902793723689	3817	10452
5149786	48645	0.1668580176042862610026789131	1744	10452
5641175	48645	0.2966896287791810179869881362	3101	10452
5268970	48645	0.0720436280137772675086107922	753	10452
5207180	48645	0.0306161500191350937619594336	320	10452
5802253	48645	0.0685993111366245694603903559	717	10452
5855388	521458	0.2575201760821716801173881145	351	1363
5149786	521458	0.3125458547322083639031548056	426	1363
5641175	521458	0.1995597945707997065297138665	272	1363
5207180	521458	0.0836390315480557593543653705	114	1363
5802253	521458	0.146735143066764490095377843	200	1363
5855388	521463	0.5217391304347826086956521739	1308	2507
5207180	521463	0.3378540087754287993617869964	847	2507
5802253	521463	0.1404068607897885919425608297	352	2507
5855388	521469	0.3258354755784061696658097686	14196	43568
5149786	521469	0.1757482556004406904149834741	7657	43568
5641175	521469	0.0308483290488431876606683805	1344	43568
2295306	521469	0.0039478516342269555637164892	172	43568
5207180	521469	0.031789386705839147998531032	1385	43568
5256501	521469	0.0417278736687477047374219611	1818	43568
5802253	521469	0.3901028277634961439588688946	16996	43568
5855388	541654	0.3395157135497166409067490984	659	1941
5268970	541654	0.4981968057702215352910870685	967	1941
5256501	541654	0.1622874806800618238021638331	315	1941
2295306	5539899	0.7131782945736434108527131783	276	387
5802253	5539899	0.2868217054263565891472868217	111	387
5855388	6003222	0.1409826060421116875190723222	462	3277
5632092	6003222	0.5126640219713152273420811718	1680	3277
2295306	6003222	0.1425083918217882209337808972	467	3277
5802253	6003222	0.2038449801647848642050656088	668	3277
5855388	6523442	0.1038418260729786208005143868	1292	12442
5149786	6523442	0.3285645394631088249477575952	4088	12442
5268970	6523442	0.567593634463912554251728018	7062	12442
5855388	695048	0.1834991974317817014446227929	2858	15575
5632092	695048	0.023820224719101123595505618	371	15575
5149786	695048	0.3419582664526484751203852327	5326	15575
5641175	695048	0.0139325842696629213483146067	217	15575
5268970	695048	0.0488603531300160513643659711	761	15575
5207180	695048	0.0740288924558587479935794543	1153	15575
5802253	695048	0.3139004815409309791332263242	4889	15575
5855388	783299	0.0818111654232055569848211989	318	3887
5632092	783299	0.2552096732698739387702598405	992	3887
2295306	783299	0.1394391561615641883200411629	542	3887
5802253	783299	0.5235400051453563159248777978	2035	3887
5632092	952316	0.7239227340267459138187221397	2436	3365
2295306	952316	0.0338781575037147102526002972	114	3365
5802253	952316	0.2421991084695393759286775632	815	3365
5855388	952319	0.4177693761814744801512287335	221	529
5632092	952319	0.5822306238185255198487712665	308	529
3044446	100707974	0.5064456721915285451197053407	275	543
3558532	100707974	0.4935543278084714548802946593	268	543
3044446	11137673	0.806503412284223203532717784	2009	2491
3558532	11137673	0.193496587715776796467282216	482	2491
3044446	11137716	0.4044289044289044289044289044	347	858
3558532	11137716	0.5955710955710955710955710956	511	858
3044446	163585514	0.2597242230911710228442066269	1262	4859
3558532	163585514	0.7402757769088289771557933731	3597	4859
5780876	202484	0.0815620365793376173999011369	330	4046
3526469	202484	0.0570934256055363321799307958	231	4046
3558532	202484	0.8613445378151260504201680672	3485	4046
3044446	2334518	0.4661182922052487269878574226	1190	2553
3558532	2334518	0.5338817077947512730121425774	1363	2553
3044446	275651	0.2704791344667697063369397218	700	2588
3558532	275651	0.7295208655332302936630602782	1888	2588
3044446	275653	0.2335741892118971601411527474	1390	5951
5780876	275653	0.2318937993614518568307847421	1380	5951
3558532	275653	0.5345320114266509830280625105	3181	5951
3044446	288713067	0.6788370520622041920216362407	1004	1479
3558532	288713067	0.3211629479377958079783637593	475	1479
3044446	32217788	0.1441564347430650295588904047	317	2199
3558532	32217788	0.8558435652569349704411095953	1882	2199
3044446	327961236	0.5178849144634525660964230171	333	643
3558532	327961236	0.4821150855365474339035769829	310	643
3044446	34562855	0.6678065461651196873473375672	1367	2047
3558532	34562855	0.3321934538348803126526624328	680	2047
3044446	38745481	0.2100413091833492214807753416	661	3147
3558532	38745481	0.7899586908166507785192246584	2486	3147
3044446	59187496	0.5229357798165137614678899083	342	654
3558532	59187496	0.4770642201834862385321100917	312	654
3044446	66662823	0.2543142597638510445049954587	280	1101
3558532	66662823	0.7456857402361489554950045413	821	1101
3044446	6954539	0.6729064039408866995073891626	1366	2030
3558532	6954539	0.3270935960591133004926108374	664	2030
3044446	6954548	0.2461374533830580713905167821	1386	5631
3558532	6954548	0.7538625466169419286094832179	4245	5631
3044446	70298	0.3421602787456445993031358885	3437	10045
3558532	70298	0.6578397212543554006968641115	6608	10045
3044446	7604130	0.6022727272727272727272727273	689	1144
3558532	7604130	0.3977272727272727272727272727	455	1144
3044446	849763	0.3266799733865602129075182967	491	1503
5780876	849763	0.1809713905522288755821689953	272	1503
3558532	849763	0.4923486360612109115103127079	740	1503
3044446	8866747	0.5090909090909090909090909091	700	1375
3558532	8866747	0.4909090909090909090909090909	675	1375
5116432	86269	0.0309017020078058986842634692	768	24853
5813417	86269	0.2538124170120307407556431819	6308	24853
5785007	86269	0.045145455277028930109041162	1122	24853
1137892	86269	0.0803524725385265360318673802	1997	24853
3519323	86269	0.0521063855470164567657828029	1295	24853
3789955	86269	0.0637749969822556633002052066	1585	24853
5587676	86269	0.4739065706353357743531967972	11778	24853
5460332	13786447	0.2421374045801526717557251908	793	3275
5780876	13786447	0.7578625954198473282442748092	2482	3275
388297	107061	0.3795518207282913165266106443	271	714
298364	107061	0.3711484593837535014005602241	265	714
500165	107061	0.2492997198879551820728291317	178	714
1177294	107070	0.0276900655817342725285401992	114	4117
104363	107070	0.1146465873208647073111488948	472	4117
1096822	107070	0.0289045421423366529025989798	119	4117
2880060	107070	0.1146465873208647073111488948	472	4117
2236449	107070	0.0726256983240223463687150838	299	4117
890178	107070	0.0847704639300461501093028905	349	4117
500165	107070	0.5567160553801311634685450571	2292	4117
1233926	177231	0.5177595628415300546448087432	379	732
104363	177231	0.3128415300546448087431693989	229	732
298364	177231	0.1693989071038251366120218579	124	732
1177294	232891	0.2235294117647058823529411765	114	510
2236449	232891	0.5588235294117647058823529412	285	510
2130640	232891	0.2176470588235294117647058824	111	510
1233926	31759008	0.4418212478920741989881956155	262	593
301437	31759008	0.5581787521079258010118043845	331	593
1177294	5886322	0.1381818181818181818181818182	114	825
3750958	5886322	0.8618181818181818181818181818	711	825
1177294	92008980	0.1471172962226640159045725646	370	2515
5726153	92008980	0.0576540755467196819085487078	145	2515
500165	92008980	0.7952286282306163021868787276	2000	2515
5734044	1455804	0.2007042253521126760563380282	114	568
5191211	1455804	0.7992957746478873239436619718	454	568
3842110	163247	0.532133676092544987146529563	207	389
5757237	163247	0.467866323907455012853470437	182	389
5734044	202465	0.8448947778643803585346843336	1084	1283
5832032	202465	0.1551052221356196414653156664	199	1283
5734044	421723	0.2422417786012042612320518759	523	2159
3842110	421723	0.537748957850856878184344604	1161	2159
5757237	421723	0.2200092635479388605836035201	475	2159
5734044	61901	0.1993464052287581699346405229	244	1224
5757237	61901	0.8006535947712418300653594771	980	1224
5734044	61906	0.0724237402565518934511753514	1180	16293
3842110	61906	0.037746271404897808874976984	615	16293
3202346	61906	0.1724053274412324311053826797	2809	16293
5191211	61906	0.222058552752715890259620696	3618	16293
5757237	61906	0.3101945620818756521205425643	5054	16293
5256501	61906	0.1851715460627263241883017247	3017	16293
5825269	1662902	0.0337462206183556032380766605	346	10253
3566274	1662902	0.9662537793816443967619233395	9907	10253
1967601	221861791	0.1397058823529411764705882353	304	2176
3566274	221861791	0.8602941176470588235294117647	1872	2176
5562695	8197321	0.2064459930313588850174216028	237	1148
930627	8197321	0.2874564459930313588850174216	330	1148
3048752	8197321	0.1419860627177700348432055749	163	1148
3684989	8197321	0.2360627177700348432055749129	271	1148
2430865	8197321	0.1280487804878048780487804878	147	1148
5331538	122800	0.3433636955107351984385165908	2111	6148
5656672	122800	0.6566363044892648015614834092	4037	6148
2301481	1422666	0.2867123648826786185077774848	2175	7586
3106237	1422666	0.7132876351173213814922225152	5411	7586
5331538	6230883	0.4617687074829931972789115646	1697	3675
2301481	6230883	0.2193197278911564625850340136	806	3675
3106237	6230883	0.3189115646258503401360544218	1172	3675
5562695	202358	0.3583623930075630632670621802	7913	22081
3048752	202358	0.0203795117974729405371133554	450	22081
3684989	202358	0.3796476608849236900502694624	8383	22081
3077781	202358	0.0067931705991576468457044518	150	22081
3566274	202358	0.2212309225125673656084416467	4885	22081
5680176	202358	0.0135863411983152936914089036	300	22081
3835079	4567213	0.4034869240348692403486924035	3240	8030
5860994	4567213	0.5965130759651307596513075965	4790	8030
5485062	101154	0.3293718166383701188455008489	388	1178
5248254	101154	0.6706281833616298811544991511	790	1178
5485062	3156766	0.1276011891150240109764463755	558	4373
2267608	3156766	0.8003658815458495312142693803	3500	4373
5681219	3156766	0.0720329293391264578092842442	315	4373
5834964	61827	0.8139797068771138669673055242	722	887
5737582	61827	0.1860202931228861330326944758	165	887
2515092	99029	0.6524168762224084939927354009	2335	3579
930627	99029	0.2740989103101424979044425817	981	3579
5371769	99029	0.0734842134674490081028220173	263	3579
5524664	131612	0.743820224719101123595505618	1324	1780
5808367	131612	0.256179775280898876404494382	456	1780
5808367	5938354	0.5828295042321644498186215236	2892	4962
5711586	5938354	0.4171704957678355501813784764	2070	4962
5524664	625335	0.7618690386882434894437895188	7109	9331
5711586	625335	0.1480012860357946629514521488	1381	9331
2376001	625335	0.0901296752759618476047583324	841	9331
5524664	66784072	0.5593911063166726597147309121	4667	8343
2376001	66784072	0.4406088936833273402852690879	3676	8343
5524664	9296557	0.5910882604970008568980291345	6898	11670
5808367	9296557	0.1598971722365038560411311054	1866	11670
5711586	9296557	0.2490145672664952870608397601	2906	11670
2213764	625804	0.7061538461538461538461538462	1377	1950
5588075	625804	0.2938461538461538461538461538	573	1950
475023	245544	0.618804664723032069970845481	849	1372
5834986	245544	0.381195335276967930029154519	523	1372
3013431	353820	0.0753920386007237635705669481	500	6632
475023	353820	0.9246079613992762364294330519	6132	6632
3013431	613838	0.0845943934507566360704539816	341	4031
475023	613838	0.9154056065492433639295460184	3690	4031
3013431	851459	0.6460520638573277721846684884	4492	6953
475023	851459	0.1645332949805839206098087157	1144	6953
5489440	851459	0.1894146411620883072055227959	1317	6953
388297	10999377	0.1115434500648508430609597925	86	771
1233926	10999377	0.381322957198443579766536965	294	771
1369427	10999377	0.5071335927367055771725032425	391	771
388297	11429617	0.3829568788501026694045174538	373	974
5726153	11429617	0.6170431211498973305954825462	601	974
930627	1115210	0.2039718659495242035581299131	493	2417
3684989	1115210	0.713280926768721555647496897	1724	2417
3077781	1115210	0.0827472072817542407943731899	200	2417
930627	15632383	0.6453287197231833910034602076	373	578
5686698	15632383	0.3546712802768166089965397924	205	578
930627	295683	0.3172588832487309644670050761	125	394
3684989	295683	0.6827411167512690355329949239	269	394
930627	3180538	0.7549019607843137254901960784	385	510
5789355	3180538	0.2450980392156862745098039216	125	510
930627	32743113	0.5669291338582677165354330709	648	1143
3684989	32743113	0.4330708661417322834645669291	495	1143
1161092	345503	0.8274070300560366785532348446	8121	9815
1171059	345503	0.1053489556800815078960774325	1034	9815
5780854	345503	0.0672440142638818135506877229	660	9815
1161092	431571	0.8508190327613104524180967239	4363	5128
1171059	431571	0.1491809672386895475819032761	765	5128
3750958	107063	0.6413415468856947296372347707	937	1461
1369427	107063	0.3586584531143052703627652293	524	1461
791570	1799430	0.5099557522123893805309734513	461	904
298364	1799430	0.137168141592920353982300885	124	904
3750958	1799430	0.3528761061946902654867256637	319	904
5610065	11971006	0.174929178470254957507082153	247	1412
5369208	11971006	0.825070821529745042492917847	1165	1412
5856104	101160	0.4664053751399776035834266517	833	1786
2267608	101160	0.5335946248600223964165733483	953	1786
5856104	10224726	0.3748169838945827232796486091	256	683
5681219	10224726	0.6251830161054172767203513909	427	683
5856104	12056400	0.2584856396866840731070496084	99	383
5681219	12056400	0.7415143603133159268929503916	284	383
5688100	28029656	0.4039855072463768115942028986	223	552
5681219	28029656	0.5960144927536231884057971014	329	552
5856104	3180544	0.0796403339755940912010276172	124	1557
5688100	3180544	0.1374438021836865767501605652	214	1557
5681219	3180544	0.7829158638407193320488118176	1219	1557
847381	102182	0.1829457364341085271317829457	118	645
5834986	102182	0.8170542635658914728682170543	527	645
3141158	10114104	0.2523041474654377880184331797	219	868
500165	10114104	0.7476958525345622119815668203	649	868
298364	10118562	0.6917475728155339805825242718	285	412
720656	10118562	0.3082524271844660194174757282	127	412
1233926	105520	0.4063745019920318725099601594	204	502
2023345	105520	0.5936254980079681274900398406	298	502
298364	10999376	0.7482219061166429587482219061	526	703
500165	10999376	0.2517780938833570412517780939	177	703
1096822	7556625	0.6497844827586206896551724138	1206	1856
3750958	7556625	0.2904094827586206896551724138	539	1856
890178	7556625	0.0598060344827586206896551724	111	1856
3801196	12290611	0.7712230215827338129496402878	4288	5560
5328383	12290611	0.1888489208633093525179856115	1050	5560
5422544	12290611	0.0199640287769784172661870504	111	5560
2725216	12290611	0.0199640287769784172661870504	111	5560
3801196	9119500	0.2940074906367041198501872659	2669	9078
5740346	9119500	0.2533597708746419916281119189	2300	9078
5328383	9119500	0.0132187706543291473892927958	120	9078
5422544	9119500	0.009473452302269222295659837	86	9078
5834964	9119500	0.2538003965631196298744216788	2304	9078
5290029	9119500	0.1761401189689358889623265036	1599	9078
5632092	118857102	0.1383928571428571428571428571	310	2240
5802253	118857102	0.8616071428571428571428571429	1930	2240
5632092	30882474	0.8608414239482200647249190939	532	618
2295306	30882474	0.1391585760517799352750809061	86	618
5632092	521454	0.8491847826086956521739130435	625	736
5802253	521454	0.1508152173913043478260869565	111	736
5207180	952280	0.3422053231939163498098859316	180	526
5802253	952280	0.6577946768060836501901140684	346	526
5299152	287648	0.1838235294117647058823529412	300	1632
2376001	287648	0.3327205882352941176470588235	543	1632
5489440	287648	0.3302696078431372549019607843	539	1632
3526469	287648	0.153186274509803921568627451	250	1632
5711586	626783	0.2326530612244897959183673469	114	490
5489440	626783	0.7673469387755102040816326531	376	490
5254432	9136400	0.3054830287206266318537859008	234	766
5489440	9136400	0.6945169712793733681462140992	532	766
5675078	9138879	0.3255344897135941912061315046	3228	9916
5669224	9138879	0.5935861234368697055264219443	5886	9916
5254432	9138879	0.080879386849536103267446551	802	9916
5091905	184702	0.3570063694267515923566878981	2242	6280
5489440	184702	0.122929936305732484076433121	772	6280
5810931	184702	0.5200636942675159235668789809	3266	6280
5091905	184726	0.8449905482041587901701323251	2235	2645
2478594	184726	0.0431001890359168241965973535	114	2645
5810931	184726	0.1119092627599243856332703214	296	2645
5091905	1901365	0.7316636851520572450805008945	818	1118
5810931	1901365	0.2683363148479427549194991055	300	1118
5611317	182134	0.4191139870582379293180686909	842	2009
5215619	182134	0.2742658038825286212045793927	551	2009
3488863	182134	0.3066202090592334494773519164	616	2009
1896397	43747110	0.3280358598207008964955175224	805	2454
5477129	43747110	0.6719641401792991035044824776	1649	2454
1149627	116584	0.548476454293628808864265928	1584	2888
3752634	116584	0.0394736842105263157894736842	114	2888
5256501	116584	0.4120498614958448753462603878	1190	2888
3318623	81931	0.1923076923076923076923076923	435	2262
5256501	81931	0.8076923076923076923076923077	1827	2262
5780876	32397800	0.2266508030933967876264128495	381	1681
3558532	32397800	0.7733491969066032123735871505	1300	1681
5780876	439139	0.7110530896431679721496953873	1634	2298
3558532	439139	0.2889469103568320278503046127	664	2298
5780876	439167	0.7308868501529051987767584098	4541	6213
3558532	439167	0.2691131498470948012232415902	1672	6213
5780876	474067	0.8880892407340770061173083843	4936	5558
3558532	474067	0.1119107592659229938826916157	622	5558
5780876	6953611	0.7860262008733624454148471616	1260	1603
3558532	6953611	0.2139737991266375545851528384	343	1603
5780876	6953612	0.607436077879427633122214403	5179	8526
3558532	6953612	0.392563922120572366877785597	3347	8526
5669224	1329028	0.1122715404699738903394255875	129	1149
5254432	1329028	0.8877284595300261096605744125	1020	1149
5669224	173516	0.6025641025641025641025641026	2444	4056
5254432	173516	0.1972386587771203155818540434	800	4056
2968795	173516	0.200197238658777120315581854	812	4056
5341466	25573658	0.6241685144124168514412416851	1126	1804
5681293	25573658	0.3758314855875831485587583149	678	1804
5727986	45215345	0.5	96	192
5671465	45215345	0.5	96	192
2267608	10506358	0.1387250237868696479543292103	729	5255
753211	10506358	0.8612749762131303520456707897	4526	5255
2267608	11733089	0.5522969778288927225097437863	8644	15651
753211	11733089	0.0378889527825698038463995911	593	15651
5681219	11733089	0.4098140693885374736438566226	6414	15651
2267608	2091062	0.3033145716072545340838023765	1455	4797
753211	2091062	0.6966854283927454659161976235	3342	4797
2267608	61129044	0.3223943292202677868206878446	1228	3809
5681219	61129044	0.4759779469677080598582305067	1813	3809
5671141	61129044	0.2016277238120241533210816487	768	3809
5752533	107072	0.2586319218241042345276872964	8734	33770
3101547	107072	0.1176488007106899615042937519	3973	33770
5802569	107072	0.0487118744447734675747705064	1645	33770
3519392	107072	0.1315368670417530352383772579	4442	33770
5782747	107072	0.4434705359786793011548711874	14976	33770
5752533	1592240	0.9969648369462120820183834308	57811	57987
3519392	1592240	0.0030351630537879179816165692	176	57987
5752533	2018987	0.6383231164722167292861380265	3228	5057
3101547	2018987	0.2738777931579988135258058137	1385	5057
3519392	2018987	0.0877990903697844571880561598	444	5057
5752533	38572925	0.919440346671583994099207081	39889	43384
5782747	38572925	0.080559653328416005900792919	3495	43384
5752533	7297809	0.328042328042328042328042328	186	567
3101547	7297809	0.2045855379188712522045855379	116	567
5802569	7297809	0.151675485008818342151675485	86	567
3519392	7297809	0.315696649029982363315696649	179	567
3090517	5143608	0.7990556614909652229183692	8800	11013
1983851	5143608	0.2009443385090347770816308	2213	11013
104363	71201828	0.4255952380952380952380952381	143	336
720656	71201828	0.5744047619047619047619047619	193	336
1908883	453644	0.1765782250686184812442817932	193	1093
2236449	453644	0.8234217749313815187557182068	900	1093
5663085	12359598	0.2384868421052631578947368421	145	608
1214379	12359598	0.7615131578947368421052631579	463	608
3842110	11176413	0.625	500	800
5697239	11176413	0.375	300	800
3842110	1230614	0.5146666666666666666666666667	386	750
5757237	1230614	0.4853333333333333333333333333	364	750
3842110	2369893	0.7458791208791208791208791209	543	728
5762509	2369893	0.2541208791208791208791208791	185	728
3842110	384262	0.9096880131362889983579638752	4986	5481
5641304	384262	0.0903119868637110016420361248	495	5481
3842110	6201568	0.498042286609240407204385278	1908	3831
5697239	6201568	0.064474027669015922735578178	247	3831
5641304	6201568	0.437483685721743670060036544	1676	3831
3842110	652345	0.7437664041994750656167979003	2267	3048
5697239	652345	0.1266404199475065616797900262	386	3048
5762509	652345	0.0600393700787401574803149606	183	3048
5641304	652345	0.0695538057742782152230971129	212	3048
3842110	76618	0.2612023070097604259094942325	2355	9016
5697239	76618	0.2329192546583850931677018634	2100	9016
5762509	76618	0.2943655723158828748890860692	2654	9016
5489440	76618	0.1356477373558118899733806566	1223	9016
5641304	76618	0.0533496007098491570541259982	481	9016
2478594	76618	0.0225155279503105590062111801	203	9016
3842110	8543167	0.3466833541927409261576971214	277	799
5697239	8543167	0.3754693366708385481852315394	300	799
2968795	8543167	0.2778473091364205256570713392	222	799
3842110	8543168	0.8975741239892183288409703504	999	1113
5697239	8543168	0.1024258760107816711590296496	114	1113
753211	101168	0.6311870346035917652212001752	1441	2283
5248254	101168	0.2816469557599649583880858519	643	2283
5671141	101168	0.0871660096364432763907139728	199	2283
753211	183890	0.2192853646598139990210474792	448	2043
5411198	183890	0.7807146353401860009789525208	1595	2043
753211	484833	0.4079514609612007025387194635	10220	25052
335513	484833	0.5920485390387992974612805365	14832	25052
753211	92247	0.6984250740682987681272415406	4479	6413
335513	92247	0.3015749259317012318727584594	1934	6413
753211	98528812	0.1805065726194293042641872395	563	3119
5681219	98528812	0.8194934273805706957358127605	2556	3119
263838	10474428	0.3705882352941176470588235294	315	850
1096822	10474428	0.6294117647058823529411764706	535	850
5527073	104893484	0.8984375	2530	2816
5742033	104893484	0.1015625	286	2816
5527073	50652	0.1382113821138211382113821138	272	1968
5794743	50652	0.7306910569105691056910569106	1438	1968
5447346	50652	0.1310975609756097560975609756	258	1968
5527073	50657	0.4980826446280991735537190083	30134	60500
5794743	50657	0.4898512396694214876033057851	29636	60500
5742033	50657	0.0120661157024793388429752066	730	60500
5527073	50663	0.1437513490179149579106410533	666	4633
5794743	50663	0.8139434491690049643859270451	3771	4633
5447346	50663	0.0423052018130800777034319016	196	4633
298364	1339996	0.2686868686868686868686868687	133	495
1096822	1339996	0.4343434343434343434343434343	215	495
3750958	1339996	0.296969696969696969696969697	147	495
298364	236700	0.3651685393258426966292134831	130	356
1369427	236700	0.6348314606741573033707865169	226	356
2880060	3332056	0.5	114	228
890178	3332056	0.5	114	228
298364	36232165	0.3922261484098939929328621908	111	283
1096822	36232165	0.6077738515901060070671378092	172	283
298364	4949318	0.2561983471074380165289256198	124	484
2236449	4949318	0.7438016528925619834710743802	360	484
5697239	102180	0.7253660466956865848832607835	1833	2527
5762509	102180	0.0629204590423426988523941433	159	2527
5489440	102180	0.0732093391373169766521567076	185	2527
5810931	102180	0.1385041551246537396121883657	350	2527
5697239	12363073	0.2028469750889679715302491103	114	562
5762509	12363073	0.537366548042704626334519573	302	562
5641304	12363073	0.2597864768683274021352313167	146	562
5697239	137880144	0.5821917808219178082191780822	255	438
5762509	137880144	0.4178082191780821917808219178	183	438
5697239	184717	0.1857162745371014896282890157	1334	7183
5762509	184717	0.088960044549631073367673674	639	7183
5489440	184717	0.2061812613114297647222608938	1481	7183
5641304	184717	0.5191424196018376722817764165	3729	7183
5697239	3111236	0.6382061233290211297973264338	1480	2319
5762509	3111236	0.0685640362225097024579560155	159	2319
5489440	3111236	0.2932298404484691677447175507	680	2319
5697239	353121	0.4415584415584415584415584416	408	924
2968795	353121	0.1764069264069264069264069264	163	924
5641304	353121	0.1742424242424242424242424242	161	924
2478594	353121	0.2077922077922077922077922078	192	924
5697239	5850291	0.7416189697465249386753883892	907	1223
2968795	5850291	0.2583810302534750613246116108	316	1223
5697239	63865862	0.6229885057471264367816091954	271	435
5762509	63865862	0.3770114942528735632183908046	164	435
5697239	76693	0.3010523678276121272863943874	7209	23946
5783941	76693	0.0220078509980790111083270692	527	23946
5514384	76693	0.0062640942119769481332999248	150	23946
5762509	76693	0.3215568362148166708427294747	7700	23946
5489440	76693	0.1245719535621815752108911718	2983	23946
5801749	76693	0.1769397811743088616052785434	4237	23946
2478594	76693	0.0476071160110248058130794287	1140	23946
5116432	185382	0.1426805976856532973823165936	1270	8901
1137892	185382	0.359397820469610156162228963	3199	8901
3519323	185382	0.1456016177957532861476238625	1296	8901
3789955	185382	0.0720143804066958768677676666	641	8901
5587676	185382	0.2803055836422873834400629143	2495	8901
3789955	4397624	0.0641221374045801526717557252	630	9825
5587676	4397624	0.9358778625954198473282442748	9195	9825
5116432	455482	0.2830508474576271186440677966	501	1770
5785007	455482	0.7169491525423728813559322034	1269	1770
5290029	746749	0.9021615472127417519908987486	793	879
1214379	746749	0.0978384527872582480091012514	86	879
5561916	352923	0.1297145769622833843017329256	509	3924
5557540	352923	0.1554536187563710499490316004	610	3924
5779007	352923	0.714831804281345565749235474	2805	3924
1149627	1470514	0.6056701030927835051546391753	470	776
5256501	1470514	0.3943298969072164948453608247	306	776
5385723	492339	0.074064099111230810665230272	275	3713
5656672	492339	0.925935900888769189334769728	3438	3713
5268970	2488878	0.0619486768243785084202085004	309	4988
5802253	2488878	0.9380513231756214915797914996	4679	4988
5688100	10602453	0.0296816747920848867221106969	207	6974
5681219	10602453	0.9703183252079151132778893031	6767	6974
5688100	1085590	0.7260579064587973273942093541	978	1347
5681219	1085590	0.2739420935412026726057906459	369	1347
3101547	11519349	0.5078125	195	384
3519392	11519349	0.4921875	189	384
3101547	1298617	0.8660968660968660968660968661	1216	1404
3519392	1298617	0.1339031339031339031339031339	188	1404
3101547	1298618	0.6965147453083109919571045576	1299	1865
5802569	1298618	0.1265415549597855227882037534	236	1865
3519392	1298618	0.176943699731903485254691689	330	1865
3101547	1298619	0.6261174701311721948366613752	7494	11969
5802569	1298619	0.0893976104937755869329100175	1070	11969
5809988	1298619	0.0539727629710084384660372629	646	11969
3519392	1298619	0.2305121564040437797643913443	2759	11969
3101547	13014936	0.5	86	172
3519392	13014936	0.5	86	172
3101547	13673001	0.5656565656565656565656565657	224	396
3519392	13673001	0.4343434343434343434343434343	172	396
3101547	16307565	0.2453271028037383177570093458	105	428
3519392	16307565	0.7546728971962616822429906542	323	428
3101547	19273733	0.4747899159663865546218487395	113	238
3519392	19273733	0.5252100840336134453781512605	125	238
5802569	202514	0.5172413793103448275862068966	300	580
3519392	202514	0.4827586206896551724137931034	280	580
3101547	2035242	0.4019292604501607717041800643	250	622
3519392	2035242	0.5980707395498392282958199357	372	622
3101547	2035244	0.7114093959731543624161073826	212	298
3519392	2035244	0.2885906040268456375838926174	86	298
3101547	21786107	0.6971830985915492957746478873	198	284
3519392	21786107	0.3028169014084507042253521127	86	284
3101547	2229485	0.3121597096188747731397459165	172	551
5802569	2229485	0.6878402903811252268602540835	379	551
3101547	2435426	0.5098591549295774647887323944	543	1065
3519392	2435426	0.4901408450704225352112676056	522	1065
3101547	2435427	0.4795396419437340153452685422	375	782
3519392	2435427	0.5204603580562659846547314578	407	782
3101547	2435428	0.4632975719932241671372106155	1641	3542
5802569	2435428	0.2027103331451157538114059853	718	3542
3519392	2435428	0.3339920948616600790513833992	1183	3542
3101547	2435429	0.6965944272445820433436532508	450	646
3519392	2435429	0.3034055727554179566563467492	196	646
3101547	2725862	0.3861111111111111111111111111	278	720
3519392	2725862	0.6138888888888888888888888889	442	720
3101547	2726444	0.1905139908712046040881127208	960	5039
5802569	2726444	0.1877356618376662036118277436	946	5039
3519392	2726444	0.6217503472911291923000595356	3133	5039
3101547	2726445	0.8184357541899441340782122905	1172	1432
5802569	2726445	0.1054469273743016759776536313	151	1432
3519392	2726445	0.0761173184357541899441340782	109	1432
3101547	2726449	0.680895731280615815255423373	973	1429
5802569	2726449	0.1791462561231630510846745976	256	1429
3519392	2726449	0.1399580125962211336599020294	200	1429
3101547	2740254	0.2485549132947976878612716763	86	346
3519392	2740254	0.7514450867052023121387283237	260	346
3101547	2740275	0.5	172	344
3519392	2740275	0.5	172	344
3101547	2740319	0.3234100135317997293640054127	239	739
5802569	2740319	0.6765899864682002706359945873	500	739
3101547	2740320	0.4247011952191235059760956175	533	1255
5782747	2740320	0.5752988047808764940239043825	722	1255
3101547	2740321	0.7521613832853025936599423631	261	347
3519392	2740321	0.2478386167146974063400576369	86	347
3101547	31259196	0.8310935441370223978919631094	3154	3795
3519392	31259196	0.1689064558629776021080368906	641	3795
3101547	36233525	0.4937487367539629832818410187	34200	69266
5802569	36233525	0.2076632113879825599861403863	14384	69266
3519392	36233525	0.298588051858054456732018595	20682	69266
3101547	3704518	0.9485732884886622545296734295	8743	9217
3519392	3704518	0.0514267115113377454703265705	474	9217
3101547	3704742	0.5461794019933554817275747508	822	1505
5802569	3704742	0.0863787375415282392026578073	130	1505
3519392	3704742	0.3674418604651162790697674419	553	1505
3101547	3780803	0.6273148148148148148148148148	542	864
5809988	3780803	0.2418981481481481481481481481	209	864
3519392	3780803	0.130787037037037037037037037	113	864
3101547	3780806	0.2467532467532467532467532468	114	462
5802569	3780806	0.1948051948051948051948051948	90	462
3519392	3780806	0.5584415584415584415584415584	258	462
3101547	3780807	0.7093704245973645680819912152	969	1366
5680885	3780807	0.2906295754026354319180087848	397	1366
3101547	3780808	0.7171052631578947368421052632	218	304
3519392	3780808	0.2828947368421052631578947368	86	304
3101547	3780809	0.1478392721758908263836239575	195	1319
3519392	3780809	0.8521607278241091736163760425	1124	1319
5802569	3780827	0.6948571428571428571428571429	608	875
3519392	3780827	0.3051428571428571428571428571	267	875
3101547	3834742	0.5	86	172
5802569	3834742	0.5	86	172
3101547	4188942	0.3050885451692445639991033401	1361	4461
5809988	4188942	0.6949114548307554360008966599	3100	4461
3101547	4391495	0.8456014362657091561938958707	471	557
3519392	4391495	0.1543985637342908438061041293	86	557
3101547	4453075	0.3012121212121212121212121212	994	3300
5802569	4453075	0.1003030303030303030303030303	331	3300
3519392	4453075	0.5984848484848484848484848485	1975	3300
3101547	4453077	0.2382271468144044321329639889	86	361
5802569	4453077	0.7617728531855955678670360111	275	361
3101547	4603755	0.361527967257844474761255116	265	733
5802569	4603755	0.4884038199181446111869031378	358	733
3519392	4603755	0.1500682128240109140518417462	110	733
3101547	5517450	0.5327868852459016393442622951	130	244
5802569	5517450	0.4672131147540983606557377049	114	244
3101547	681321	0.7577464788732394366197183099	269	355
3519392	681321	0.2422535211267605633802816901	86	355
3101547	700567	0.5646634615384615384615384615	2349	4160
5802569	700567	0.1387019230769230769230769231	577	4160
3519392	700567	0.2966346153846153846153846154	1234	4160
3101547	700569	0.6443556443556443556443556444	2580	4004
5802569	700569	0.1720779220779220779220779221	689	4004
3519392	700569	0.1835664335664335664335664336	735	4004
3101547	7075140	0.6928635953026196928635953026	9204	13284
5802569	7075140	0.1249623607347184582956940681	1660	13284
3519392	7075140	0.1821740439626618488407106293	2420	13284
3101547	7153404	0.1953125	100	512
3519392	7153404	0.8046875	412	512
3101547	7166534	0.7792	487	625
3519392	7166534	0.2208	138	625
3101547	7166535	0.6056701030927835051546391753	1175	1940
5802569	7166535	0.1953608247422680412371134021	379	1940
3519392	7166535	0.1989690721649484536082474227	386	1940
3101547	7298242	0.1480701754385964912280701754	633	4275
5802569	7298242	0.7010526315789473684210526316	2997	4275
3519392	7298242	0.150877192982456140350877193	645	4275
3101547	860460	0.5992753623188405797101449275	827	1380
5802569	860460	0.2579710144927536231884057971	356	1380
3519392	860460	0.1427536231884057971014492754	197	1380
3101547	9939777	0.8451443569553805774278215223	1288	1524
3519392	9939777	0.1548556430446194225721784777	236	1524
5411198	2709542	0.112	98	875
2942822	2709542	0.888	777	875
3733779	28511771	0.6546489563567362428842504744	345	527
5227211	28511771	0.3453510436432637571157495256	182	527
5411198	376699	0.5104377104377104377104377104	758	1485
3733779	376699	0.4895622895622895622895622896	727	1485
5411198	58355846	0.3307692307692307692307692308	344	1040
3733779	58355846	0.6692307692307692307692307692	696	1040
5411198	5997541	0.1164797238999137187230371009	540	4636
3733779	5997541	0.8835202761000862812769628991	4096	4636
1865824	463099	0.3171186089836472779962740633	1532	4831
5557540	463099	0.1687021320637549161664251708	815	4831
5303350	463099	0.5141792589525978058373007659	2484	4831
1865824	463298	0.4927760577915376676986584107	955	1938
5155418	463298	0.5072239422084623323013415893	983	1938
3680631	126809	0.3881439661256175017642907551	550	1417
5383407	126809	0.6118560338743824982357092449	867	1417
5385723	264769	0.9357568289176422263298418566	22781	24345
5656672	264769	0.0642431710823577736701581434	1564	24345
5385723	595925	0.3996815286624203821656050955	502	1256
3526469	595925	0.6003184713375796178343949045	754	1256
5385723	70038	0.7776470588235294117647058824	661	850
3526469	70038	0.2223529411764705882352941176	189	850
2492640	122752	0.4866628286317405488389944348	2536	5211
5440164	122752	0.3853387065822298982920744579	2008	5211
3526469	122752	0.1279984647860295528689311073	667	5211
5834964	5381052	0.8862622658340767172167707404	1987	2242
2326722	5381052	0.1137377341659232827832292596	255	2242
5822270	261231	0.7772572840523010398435086997	15099	19426
5489440	261231	0.1393493256460413878307423041	2707	19426
5810931	261231	0.0833933903016575723257489962	1620	19426
5489440	95605	0.3176487621253800492254234834	2194	6907
5810931	95605	0.6823512378746199507745765166	4713	6907
5783941	13856273	0.1465603190428713858424725823	147	1003
2376001	13856273	0.8534396809571286141575274177	856	1003
5783941	412028	0.0386617616436454501284098008	557	14407
2968795	412028	0.5371000208232109391268133546	7738	14407
5489440	412028	0.2845838828347331158464635247	4100	14407
2478594	412028	0.0542791698479905601443742625	782	14407
5810931	412028	0.0853751648504199347539390574	1230	14407
5514384	5489461	0.3251633986928104575163398693	199	612
5834986	5489461	0.6748366013071895424836601307	413	612
5783941	625806	0.5692182410423452768729641694	699	1228
5810931	625806	0.4307817589576547231270358306	529	1228
5783941	851461	0.140282818170441746965336003	1121	7991
5834986	851461	0.1990989863596546114378676011	1591	7991
5489440	851461	0.1560505568764860468026529846	1247	7991
5810931	851461	0.5045676385934175947941434113	4032	7991
5834964	173759	0.8822374877330716388616290481	2697	3057
5765197	173759	0.058881256133464180569185476	180	3057
5584785	173759	0.058881256133464180569185476	180	3057
5834964	684901	0.8239981251464729318022029529	3516	4267
5290029	684901	0.1760018748535270681977970471	751	4267
5595784	368194	0.3245823389021479713603818616	136	419
3752634	368194	0.272076372315035799522673031	114	419
5256501	368194	0.4033412887828162291169451074	169	419
5762509	3327107	0.4827586206896551724137931034	168	348
5810931	3327107	0.5172413793103448275862068966	180	348
827127	76688	0.1030133146461107217939733707	147	1427
5489440	76688	0.8969866853538892782060266293	1280	1427
2942822	178253	0.5678391959798994974874371859	113	199
217369	178253	0.4321608040201005025125628141	86	199
3048752	1027185	0.3605769230769230769230769231	150	416
3684989	1027185	0.6394230769230769230769230769	266	416
3048752	1851241	0.1394686907020872865275142315	147	1054
5587676	1851241	0.8605313092979127134724857685	907	1054
3048752	863128	0.3061224489795918367346938776	120	392
3684989	863128	0.6938775510204081632653061224	272	392
5565439	16737103	0.3650306748466257668711656442	119	326
5256501	16737103	0.6349693251533742331288343558	207	326
5565439	659719	0.8524072612470402525651144436	1080	1267
3752634	659719	0.1475927387529597474348855564	187	1267
5565439	850612	0.9497980380842469705712637046	3292	3466
5256501	850612	0.0502019619157530294287362954	174	3466
5813417	332609	0.8551118210862619808306709265	32118	37560
5728853	332609	0.1448881789137380191693290735	5442	37560
5813417	37270650	0.316910499139414802065404475	1473	4648
5728853	37270650	0.683089500860585197934595525	3175	4648
5191211	415937	0.5874125874125874125874125874	672	1144
5256501	415937	0.4125874125874125874125874126	472	1144
5765197	3504986	0.3157439446366782006920415225	365	1156
5290029	3504986	0.6842560553633217993079584775	791	1156
5785007	1338887	0.1148671041293829124411745211	1733	15087
5680885	1338887	0.8851328958706170875588254789	13354	15087
1137892	116566	0.8680465717981888745148771022	10065	11595
5371769	116566	0.1319534282018111254851228978	1530	11595
5248254	1596253	0.1134083307996351474612344178	373	3289
1087778	1596253	0.8865916692003648525387655822	2916	3289
1161390	11404463	0.5444264943457189014539579968	337	619
5440164	11404463	0.4555735056542810985460420032	282	619
1161390	122753	0.1707587597680867154020670532	3387	19835
5656672	122753	0.8292412402319132845979329468	16448	19835
1161390	414902	0.9090909090909090909090909091	1610	1771
5780854	414902	0.0909090909090909090909090909	161	1771
1161390	7210279	0.7806731813246471226927252986	2876	3684
5780854	7210279	0.2193268186753528773072747014	808	3684
3085290	60427993	0.7813906953476738369184592296	1562	1999
2725216	60427993	0.2186093046523261630815407704	437	1999
5254432	18907829	0.7166773985833869929169349646	1113	1553
2968795	18907829	0.2833226014166130070830650354	440	1553
5254432	94480101	0.10316593886462882096069869	378	3664
5367043	94480101	0.89683406113537117903930131	3286	3664
5837821	729802	0.6241610738255033557046979866	186	298
3325381	729802	0.3758389261744966442953020134	112	298
5680885	3081777	0.6125422846734322144158209732	2354	3843
5587676	3081777	0.3874577153265677855841790268	1489	3843
5742033	11187236	0.4117647058823529411764705882	252	612
3519323	11187236	0.5882352941176470588235294118	360	612
5742033	145065	0.2896292315959161740999462654	539	1861
3519323	145065	0.7103707684040838259000537346	1322	1861
5742033	42902628	0.7173261390887290167865707434	2393	3336
3519323	42902628	0.2826738609112709832134292566	943	3336
5742033	8879636	0.6753516255476135577588194605	2929	4337
3519323	8879636	0.3246483744523864422411805395	1408	4337
2397388	50664	0.9954439471497869375284753303	37143	37313
5447346	50664	0.0045560528502130624715246697	170	37313
5711586	330121	0.9442272608808965337503257753	7246	7674
2376001	330121	0.0557727391191034662496742247	428	7674
5299152	8914765	0.5630712979890310786106032907	924	1641
5489440	8914765	0.4369287020109689213893967093	717	1641
5711586	3158468	0.3705202312138728323699421965	641	1730
2376001	3158468	0.6294797687861271676300578035	1089	1730
5711586	365413	0.1518585675430643699002719855	670	4412
687364	365413	0.1722574796010879419764279238	760	4412
2376001	365413	0.6758839528558476881233000907	2982	4412
687364	625339	0.1195061728395061728395061728	242	2025
5489440	625339	0.8804938271604938271604938272	1783	2025
5711586	892433	0.8529014844804318488529014845	1264	1482
2376001	892433	0.1470985155195681511470985155	218	1482
2968795	1055233	0.2875399361022364217252396166	180	626
5489440	1055233	0.7124600638977635782747603834	446	626
2968795	1541762	0.0311931059594610996480155359	257	8239
5367043	1541762	0.8787474208034955698507100376	7240	8239
5489440	1541762	0.0900594732370433305012744265	742	8239
2968795	85888899	0.1271882815291175419792783137	356	2799
5367043	85888899	0.8728117184708824580207216863	2443	2799
3519323	5278787	0.7838258164852255054432348367	1512	1929
3789955	5278787	0.1166407465007776049766718507	225	1929
5587676	5278787	0.0995334370139968895800933126	192	1929
3684989	11137858	0.5296296296296296296296296296	286	540
3077781	11137858	0.4703703703703703703703703704	254	540
3684989	164103	0.85995085995085995085995086	700	814
5680176	164103	0.14004914004914004914004914	114	814
3684989	1693218	0.1930076628352490421455938697	806	4176
3566274	1693218	0.8069923371647509578544061303	3370	4176
3684989	36794	0.6876623376623376623376623377	1059	1540
5680176	36794	0.3123376623376623376623376623	481	1540
3684989	502209	0.5097415506958250497017892644	1282	2515
5680176	502209	0.4902584493041749502982107356	1233	2515
3684989	522852	0.4236725663716814159292035398	383	904
5680176	522852	0.5763274336283185840707964602	521	904
3684989	522853	0.248696673764593582495043689	3387	13619
3566274	522853	0.7176738380204126587855202291	9774	13619
5680176	522853	0.0336294882149937587194360819	458	13619
3684989	6246127	0.8704487722269263336155800169	1028	1181
5680176	6246127	0.1295512277730736663844199831	153	1181
5587676	70961	0.62989921612541993281075028	3375	5358
3566274	70961	0.37010078387458006718924972	1983	5358
5307965	111810964	0.2258064516129032258064516129	392	1736
5290029	111810964	0.7741935483870967741935483871	1344	1736
5285790	184706	0.4058544303797468354430379747	1026	2528
5489440	184706	0.5941455696202531645569620253	1502	2528
2023345	20952361	0.6693548387096774193548387097	249	372
890178	20952361	0.3306451612903225806451612903	123	372
475023	102178	0.4899443069306930693069306931	3167	6464
2478594	102178	0.5100556930693069306930693069	3297	6464
3835079	1024027	0.3829861111111111111111111111	3309	8640
3566274	1024027	0.6170138888888888888888888889	5331	8640
3789955	132961088	0.6333226117722740431006754583	1969	3109
5587676	132961088	0.3666773882277259568993245417	1140	3109
2295306	521468	0.3618421052631578947368421053	330	912
5207180	521468	0.4813596491228070175438596491	439	912
5802253	521468	0.1567982456140350877192982456	143	912
5367043	659353	0.8540813869491933542017818444	3547	4153
5489440	659353	0.1459186130508066457982181556	606	4153
5800629	7261241	0.173734610123119015047879617	127	731
5303350	7261241	0.826265389876880984952120383	604	731
3077781	57889547	0.4297994269340974212034383954	150	349
2430865	57889547	0.5702005730659025787965616046	199	349
5832032	616103413	0.9248591108328115216030056356	1477	1597
5716434	616103413	0.0751408891671884783969943644	120	1597
5489440	541931	0.8054435483870967741935483871	3196	3968
5810931	541931	0.1945564516129032258064516129	772	3968
