2841229	106960	0.0212721832133439990519361242	718	33753
1936483	106960	0.0320267828044914526116197079	1081	33753
1352484	106960	0.0823926762065594169407163808	2781	33753
3666906	106960	0.0444404941782952626433205937	1500	33753
5712172	106960	0.0589577222765383817734719877	1990	33753
2380997	106960	0.0206500162948478653749296359	697	33753
2379399	106960	0.164222439486860427221284034	5543	33753
2143123	106960	0.3501910941249666696293662786	11820	33753
2671032	106960	0.0157023079429976594673066098	530	33753
5059655	106960	0.0391668888691375581429798833	1322	33753
412176	106960	0.143187272242467336236778953	4833	33753
5547304	106960	0.0277901223594939709062898113	938	33753
2841229	169836	0.0134062183086398377402359692	542	40429
5690980	169836	0.0494447055331568923297632887	1999	40429
5255195	169836	0.0107596032550891686660565436	435	40429
438471	169836	0.0271587226990526602191496203	1098	40429
5485568	169836	0.0319819931237478047935887605	1293	40429
5534249	169836	0.1855351356699398946300922605	7501	40429
5712172	169836	0.034504934576665265032526157	1395	40429
2693942	169836	0.0362363649855301887259145663	1465	40429
597952	169836	0.0123426253431942417571545178	499	40429
563935	169836	0.1103168517648222810358900789	4460	40429
578029	169836	0.0180068762521952064112394568	728	40429
3025094	169836	0.0568898562912760642113334488	2300	40429
5228151	169836	0.0265898241361398995770362858	1075	40429
308856	169836	0.0146924237552252096267530733	594	40429
3872640	169836	0.0166959360854831927576739469	675	40429
1174142	169836	0.019763041381186771871676272	799	40429
370100	169836	0.0535011996339261421257018477	2163	40429
310535	169836	0.0098444186104034232852655272	398	40429
474635	169836	0.0248583937272749758836478765	1005	40429
5059655	169836	0.0661159068985134433203888298	2673	40429
1330913	169836	0.1110588933686215340473422543	4490	40429
5528279	169836	0.070296074599915901951569418	2842	40429
5685853	2479456	0.1450315910396323951751866743	505	3482
1846227	2479456	0.8549684089603676048248133257	2977	3482
5685853	263756	0.0422737386061867508792076365	589	13933
958759	263756	0.405225005382903897222421589	5646	13933
351897	263756	0.0645948467666690590683987655	900	13933
3724759	263756	0.4879064092442402928299720089	6798	13933
5685853	28753	0.1109165207238762405137186223	380	3426
5539592	28753	0.1897256275539988324576765908	650	3426
351897	28753	0.6993578517221249270286047869	2396	3426
1194536	459270	0.6241357636706473915776241358	993	1591
351897	459270	0.3758642363293526084223758642	598	1591
5685853	78260	0.0997070377521805712763832479	2995	30038
958759	78260	0.220121179838870763699314202	6612	30038
1846227	78260	0.2940941474132765164125441108	8834	30038
351897	78260	0.0592582728543844463679339503	1780	30038
514009	78260	0.0883214594846527731540049271	2653	30038
5634186	78260	0.0012983554164724682069378787	39	30038
598157	78260	0.1958519209001930887542446235	5883	30038
5784977	78260	0.0388174978360743058792196551	1166	30038
5732139	78260	0.0025301285038950662494174046	76	30038
2693942	201994	0.6568016614745586708203530633	1265	1926
545689	201994	0.3431983385254413291796469367	661	1926
64028	464739	0.0146368715083798882681564246	131	8950
390177	464739	0.3351955307262569832402234637	3000	8950
347360	464739	0.4477094972067039106145251397	4007	8950
5534249	464739	0.0593296089385474860335195531	531	8950
2606924	464739	0.0998882681564245810055865922	894	8950
3813638	464739	0.0432402234636871508379888268	387	8950
2655747	646079	0.726635514018691588785046729	1555	2140
2722604	646079	0.273364485981308411214953271	585	2140
2861772	104039	0.0990509290201844673172035824	1482	14962
2169512	104039	0.4340997192888651249832910039	6495	14962
5694378	104039	0.4668493516909504076995054137	6985	14962
2861772	128892079	0.5219123505976095617529880478	131	251
2135282	128892079	0.4780876494023904382470119522	120	251
2861772	1362488	0.3892750744786494538232373386	392	1007
2169512	1362488	0.1132075471698113207547169811	114	1007
5694378	1362488	0.4975173783515392254220456802	501	1007
2861772	160275	0.0097874047332531087043722423	122	12465
5297087	160275	0.0901724829522663457681508223	1124	12465
2169512	160275	0.7078219013237063778580024067	8823	12465
2135282	160275	0.1922182109907741676694745287	2396	12465
2861772	167610	0.0723145621433887372860332424	583	8062
1816719	167610	0.0827338129496402877697841727	667	8062
2135282	167610	0.8226246588935747953361448772	6632	8062
5694378	167610	0.0223269660133961796080377078	180	8062
2861772	185423	0.4385474860335195530726256983	314	716
1816719	185423	0.0754189944134078212290502793	54	716
5694378	185423	0.4860335195530726256983240223	348	716
2861772	28162182	0.3058419243986254295532646048	178	582
5297087	28162182	0.1048109965635738831615120275	61	582
2135282	28162182	0.5893470790378006872852233677	343	582
2861772	448401	0.2780082987551867219917012448	268	964
5694378	448401	0.7219917012448132780082987552	696	964
2135282	50563	0.6641651031894934333958724203	354	533
5694378	50563	0.3358348968105065666041275797	179	533
713390	112878	0.0137856055664274842357034138	2219	160965
2348683	112878	0.0089708942937905755909669804	1444	160965
395738	112878	0.0465007920976609822010996179	7485	160965
2096858	112878	0.1108998850681825241512129966	17851	160965
2973260	112878	0.0228745379430310937160252229	3682	160965
2170030	112878	0.0123877861646941881775541267	1994	160965
5330756	112878	0.000888391886434939272512658	143	160965
1352484	112878	0.0355605255800950517193178641	5724	160965
1210270	112878	0.0918584785512378467368682633	14786	160965
2693942	112878	0.0110893672537508153946510111	1785	160965
597952	112878	0.0073556363184543223682166931	1184	160965
2992814	112878	0.1293138259870158108905662722	20815	160965
3059821	112878	0.0102258254900133569409498959	1646	160965
1199465	112878	0.0177802627900475258596589321	2862	160965
3025094	112878	0.013313453235175348678284099	2143	160965
5508148	112878	0.0298698474823719442114745442	4808	160965
545689	112878	0.0083744913490510359394899512	1348	160965
5228151	112878	0.0308327897368993259404218308	4963	160965
2379399	112878	0.0057031031590718479172490914	918	160965
1360690	112878	0.0242909949367875003882831671	3910	160965
3772623	112878	0.0037213058739477526170285466	599	160965
2317099	112878	0.0454384493523436771969061597	7314	160965
2165223	112878	0.0191283819463858602801851334	3079	160965
5191725	112878	0.0217127947069238654365855931	3495	160965
781900	112878	0.0560680893361910974435436275	9025	160965
586502	112878	0.0018637592023110614108657161	300	160965
474635	112878	0.0385487528344671201814058957	6205	160965
2671032	112878	0.0547758829559220948653433976	8817	160965
5059655	112878	0.0325598732643742428478240611	5241	160965
412176	112878	0.0069518218246202590625291212	1119	160965
3813638	112878	0.0037647935886683440499487466	606	160965
2722604	112878	0.0203646755505855310160593918	3278	160965
1084392	112878	0.0520920697045941664336967664	8385	160965
1330913	112878	0.0111328549684714068275712111	1792	160965
713390	169850	0.0566362603949151921456570319	1546	27297
1936483	169850	0.0877752133934131955892588929	2396	27297
2973260	169850	0.1218448913800051287687291644	3326	27297
5690980	169850	0.0579184525772062864050994615	1581	27297
541999	169850	0.0660145803568157673004359453	1802	27297
563935	169850	0.1523976993808843462651573433	4160	27297
578029	169850	0.1218448913800051287687291644	3326	27297
3091072	169850	0.0950287577389456716855332088	2594	27297
5228151	169850	0.0498955929222991537531596879	1362	27297
2317099	169850	0.0358281129794482910209913177	978	27297
2165223	169850	0.0625343444334542257390922079	1707	27297
5738480	169850	0.0594937172583067736381287321	1624	27297
2267641	169850	0.0327874858043008389200278419	895	27297
713390	202331	0.0124688279301745635910224439	600	48120
349025	202331	0.6396300914380714879467996675	30779	48120
5618998	202331	0.0249168744804655029093931837	1199	48120
2973260	202331	0.0155860349127182044887780549	750	48120
438471	202331	0.0722568578553615960099750623	3477	48120
853671	202331	0.0186824605153782211138819618	899	48120
2693942	202331	0.0191188694929343308395677473	920	48120
1307503	202331	0.0247921862011637572734829593	1193	48120
537184	202331	0.0622402327514546965918536991	2995	48120
622169	202331	0.0450124688279301745635910224	2166	48120
1964091	202331	0.0523690773067331670822942643	2520	48120
412176	202331	0.0129260182876142975893599335	622	48120
713390	43074	0.0068974820143884892086330935	767	111200
466514	43074	0.0011690647482014388489208633	130	111200
2841229	43074	0.0030305755395683453237410072	337	111200
1936483	43074	0.010701438848920863309352518	1190	111200
2973260	43074	0.0310701438848920863309352518	3455	111200
1952460	43074	0.0666187050359712230215827338	7408	111200
347360	43074	0.1095593525179856115107913669	12183	111200
1372581	43074	0.0025269784172661870503597122	281	111200
3851740	43074	0.0186690647482014388489208633	2076	111200
2693942	43074	0.1329496402877697841726618705	14784	111200
2326379	43074	0.0240647482014388489208633094	2676	111200
3025094	43074	0.0151169064748201438848920863	1681	111200
3493842	43074	0.2549910071942446043165467626	28355	111200
2926239	43074	0.0704316546762589928057553957	7832	111200
308856	43074	0.0447212230215827338129496403	4973	111200
5059655	43074	0.048201438848920863309352518	5360	111200
1964091	43074	0.0175899280575539568345323741	1956	111200
3813638	43074	0.1328776978417266187050359712	14776	111200
2267641	43074	0.0088129496402877697841726619	980	111200
713390	53500	0.0574757893079285095661758917	4380	76206
1214810	53500	0.0009185628428207752670393407	70	76206
2348683	53500	0.0036480067186310789176705246	278	76206
2973260	53500	0.0290790751384405427394168438	2216	76206
5690980	53500	0.0156680576332572238406424691	1194	76206
1952460	53500	0.0465580138046872949636511561	3548	76206
2678349	53500	0.0049864840038842085924992783	380	76206
1372581	53500	0.0032674592551767577356113692	249	76206
3666906	53500	0.0104847387344828491194919035	799	76206
2693942	53500	0.0939821011468913208933679763	7162	76206
597952	53500	0.0039629425504553447235125843	302	76206
2009739	53500	0.0562816576122615017190247487	4289	76206
2992814	53500	0.0182662782458074167388394615	1392	76206
3059821	53500	0.0156811799595832349158858883	1195	76206
563935	53500	0.0473584757105739705534997244	3609	76206
578029	53500	0.0343411279951709839120279243	2617	76206
2323420	53500	0.0077421725323465343936173005	590	76206
5228151	53500	0.0381728472823662178831063171	2909	76206
3180674	53500	0.0035167834553709681652363331	268	76206
308856	53500	0.0061674933732252053644070021	470	76206
2379399	53500	0.0459675091200167965776972942	3503	76206
1360690	53500	0.0063774505944413825683017085	486	76206
2317099	53500	0.0513214182610293152770123087	3911	76206
2165223	53500	0.0204445844159252552292470409	1558	76206
5191725	53500	0.015484345064693068787234601	1180	76206
5738480	53500	0.0361913760071385455213500249	2758	76206
486056	53500	0.0311130357189722594021468126	2371	76206
5059655	53500	0.0352990578169697924047975225	2690	76206
412176	53500	0.0345773298690391832664094691	2635	76206
2722604	53500	0.0506521796184027504395979319	3860	76206
313277	53500	0.0063774505944413825683017085	486	76206
1330913	53500	0.0470172952260976825971708264	3583	76206
5528279	53500	0.1216177203894706453560087132	9268	76206
1380095	389913	0.6359516616314199395770392749	421	662
5663105	389913	0.3640483383685800604229607251	241	662
1380095	41338	0.06847012073972184013449488	448	6543
534080	41338	0.1676600947577563808650466147	1097	6543
2276180	41338	0.0944520861989912883998165979	618	6543
1017308	41338	0.3334861684242702124407764023	2182	6543
2375910	41338	0.169188445667125171939477304	1107	6543
5663105	41338	0.0294971725508176677365123032	193	6543
586502	41338	0.1372459116613174384838758979	898	6543
1380095	44069	0.0879073056628406680084861013	4848	55149
534080	44069	0.1736568206132477470126384885	9577	55149
2801878	44069	0.0616874286025131915356579448	3402	55149
3086764	44069	0.1010172441930044062449001795	5571	55149
1017308	44069	0.125351320966835300730747611	6913	55149
3457031	44069	0.0072530780249868537960797113	400	55149
5856228	44069	0.0135813886017878837331592595	749	55149
5663105	44069	0.0567190701553971966853433426	3128	55149
5824054	44069	0.0145061560499737075921594227	800	55149
676876	44069	0.0301546718888828446572013998	1663	55149
782345	44069	0.0356488784928103864077317812	1966	55149
5572953	44069	0.0317140836642550182233585378	1749	55149
2517899	44069	0.2202941123139132169214310323	12149	55149
1170247	44069	0.0007615731926236196485883697	42	55149
586502	44069	0.0180601642822172659522384812	996	55149
5657561	44069	0.0216867032947106928502783369	1196	55149
899648	137432697	0.5045500505561172901921132457	499	989
2227286	137432697	0.4954499494438827098078867543	490	989
899648	190147	0.3576530612244897959183673469	701	1960
5284920	190147	0.6423469387755102040816326531	1259	1960
899648	47600	0.1622261292940221801460643765	2399	14788
2179731	47600	0.3075466594536110359751149581	4548	14788
5284920	47600	0.2508114687584527995672166622	3709	14788
3544481	47600	0.1463348661076548552880714093	2164	14788
1168355	47600	0.133080876386259129023532594	1968	14788
5284920	47601	0.9133000453926463912846118929	6036	6609
1168355	47601	0.0866999546073536087153881071	573	6609
1209258	129828	0.8675830469644902634593356243	3787	4365
1824523	129828	0.1324169530355097365406643757	578	4365
1209258	129829	0.8044494297999626098336137596	38727	48141
5786263	129829	0.0147067987785878980494796535	708	48141
1065130	129829	0.0329864356785276583369684884	1588	48141
5092478	129829	0.0954072412288901352277684302	4593	48141
1824523	129829	0.0479632745476828482997860452	2309	48141
5831751	129829	0.0044868199663488502523836231	216	48141
1209258	139234	0.7049857917850684577628519762	2729	3871
5786263	139234	0.1968483595970033583053474554	762	3871
1824523	139234	0.0981658486179281839318005683	380	3871
1209258	651285	0.5212279555845852384062704115	798	1531
5786263	651285	0.4787720444154147615937295885	733	1531
3390901	162593	0.3026737967914438502673796791	283	935
1343586	162593	0.6973262032085561497326203209	652	935
3390901	185651	0.0597872600562415943269348331	978	16358
3642477	185651	0.010575865020173615356400538	173	16358
5485568	185651	0.3384888128133023597016750214	5537	16358
5352805	185651	0.0335615600929208949749358112	549	16358
5856228	185651	0.148856828463137302848759017	2435	16358
5824054	185651	0.1214084851448832375596038636	1986	16358
372992	185651	0.1408485144883237559603863553	2304	16358
2064776	185651	0.0365570363125076415209683335	598	16358
2266303	185651	0.1099156376085095977503362269	1798	16358
3390901	43122	0.0478220392963888480572296536	1952	40818
2170030	43122	0.1160762408741241609094027145	4738	40818
1952460	43122	0.24023715027683864961536577	9806	40818
2916027	43122	0.0114655299132735557842128473	468	40818
5485568	43122	0.0220980939781468959772649321	902	40818
2693942	43122	0.0670292518006761722769366456	2736	40818
5517834	43122	0.0377039541378803469057768631	1539	40818
1278553	43122	0.3417609877995002204909598706	13950	40818
5253939	43122	0.0294967906315841050516928806	1204	40818
412176	43122	0.0863099612915870449311578225	3523	40818
3390901	511913	0.0944482058226134055517941774	558	5908
5780273	511913	0.4774881516587677725118483412	2821	5908
1237028	511913	0.4280636425186188219363574814	2529	5908
357316	536563	0.0272503908867545231181594818	122	4477
466514	536563	0.0192092919365646638373911101	86	4477
5415621	536563	0.9535403171766808130444494081	4269	4477
357316	7172683	0.2391956782713085234093637455	797	3332
997452	7172683	0.1050420168067226890756302521	350	3332
1380780	7172683	0.4480792316926770708283313325	1493	3332
5129929	7172683	0.1389555822328931572629051621	463	3332
440458	7172683	0.0687274909963985594237695078	229	3332
5361873	85766	0.0200100050025012506253126563	600	29985
335781	85766	0.3414707353676838419209604802	10239	29985
3525806	85766	0.0744705686176421544105386026	2233	29985
2436014	85766	0.1329331332332833083208270802	3986	29985
1038373	85766	0.1728864432216108054027013507	5184	29985
1847511	85766	0.0659996664999166249791562448	1979	29985
289530	85766	0.171919292979823244955811239	5155	29985
5362809	85766	0.0203101550775387693846923462	609	29985
5654183	85824	0.076563958916900093370681606	246	3213
3660793	85824	0.3398692810457516339869281046	1092	3213
3476200	85824	0.5287892934951758481170245876	1699	3213
5621369	85824	0.0547774665421724245253657018	176	3213
2693942	109227	0.0363553218246255859151709157	636	17494
2323420	109227	0.2268777866697153309706184978	3969	17494
694263	109227	0.283868755001714873670972905	4966	17494
5523982	109227	0.4528981365039442094432376815	7923	17494
5485568	129784	0.1555858841879508676155195945	1596	10258
1307503	129784	0.4648079547670111132774419965	4768	10258
308856	129784	0.1699161629947358159485279782	1743	10258
5253939	129784	0.1016767401052836810294404367	1043	10258
5059655	129784	0.1080132579450185221290699942	1108	10258
5415621	182684	0.4646068711090615632925985704	2015	4337
1198857	182684	0.3719160710168319114595342403	1613	4337
370100	182684	0.0276688955499192990546460687	120	4337
5712266	182684	0.1358081623241872261932211206	589	4337
466514	395751	0.1373005319148936170212765957	1239	9024
2370333	395751	0.1103723404255319148936170213	996	9024
1307503	395751	0.1418439716312056737588652482	1280	9024
3091072	395751	0.0996232269503546099290780142	899	9024
308856	395751	0.0666001773049645390070921986	601	9024
2317099	395751	0.2019060283687943262411347518	1822	9024
1964091	395751	0.2423537234042553191489361702	2187	9024
466514	503049	0.0158147773279352226720647773	250	15808
2841229	503049	0.0242282388663967611336032389	383	15808
2348683	503049	0.0275809716599190283400809717	436	15808
5415621	503049	0.0539600202429149797570850202	853	15808
1210270	503049	0.0686361336032388663967611336	1085	15808
5534249	503049	0.0407388663967611336032388664	644	15808
563935	503049	0.3087677125506072874493927126	4881	15808
752103	503049	0.0219509109311740890688259109	347	15808
5228151	503049	0.1420167004048582995951417004	2245	15808
1198857	503049	0.113423582995951417004048583	1793	15808
1174142	503049	0.0407388663967611336032388664	644	15808
5059655	503049	0.0339068825910931174089068826	536	15808
2267641	503049	0.0754048582995951417004048583	1192	15808
5712266	503049	0.0328314777327935222672064777	519	15808
1194536	1408164	0.3478260869565217391304347826	368	1058
958759	1408164	0.467863894139886578449905482	495	1058
514009	1408164	0.1843100189035916824196597353	195	1058
1194536	30399869	0.6613039796782387806943268417	781	1181
958759	30399869	0.3386960203217612193056731583	400	1181
5786263	78259	0.0812773683648403289543949589	761	9363
351897	78259	0.4033963473245754565844280679	3777	9363
514009	78259	0.2096550250987931218626508598	1963	9363
3724759	78259	0.3056712592117910925985261134	2862	9363
5757701	110087	0.5296846889499100463971214847	5594	10561
250372	110087	0.0752769624088627970836095067	795	10561
5649205	110087	0.3950383486412271565192690086	4172	10561
351548	115269	0.2706766917293233082706766917	612	2261
151698	115269	0.1808934099955771782397169394	409	2261
2287217	115269	0.5484298982750995134896063689	1240	2261
3585668	190430	0.0905745080989262097834219733	4479	49451
351548	190430	0.0526177428161210086752542921	2602	49451
5476215	190430	0.0357727851812905704636913308	1769	49451
506762	190430	0.0300095043578491840407676286	1484	49451
605391	190430	0.4562091767608339568461709571	22560	49451
3562743	190430	0.2456977614203959475035894117	12150	49451
402862	190430	0.0018199834179288588703969586	90	49451
5431303	190430	0.0473195688661503306303209237	2340	49451
1815580	190430	0.0199389294453094982912377909	986	49451
3389191	190430	0.0200400396351944348951487331	991	49451
3680811	41312	0.0186863496216014201625712417	200	10703
2543375	41312	0.1445389143230869849574885546	1547	10703
3585668	41312	0.1111837802485284499672988882	1190	10703
5747472	41312	0.0798841446323460711949920583	855	10703
2823490	41312	0.4163318695692796412220872653	4456	10703
3279610	41312	0.1378118284593104736989629076	1475	10703
5649205	41312	0.0915631131458469587965990844	980	10703
427780	43034	0.1535087719298245614035087719	1575	10260
2543375	43034	0.0689083820662768031189083821	707	10260
5757701	43034	0.0772904483430799220272904483	793	10260
1168355	43034	0.7002923976608187134502923977	7185	10260
3585668	48044	0.1312447078746824724809483489	775	5905
5757701	48044	0.0765453005927180355630821338	452	5905
351548	48044	0.5293818797629127857747671465	3126	5905
3279610	48044	0.2536833192209991532599491956	1498	5905
443822	48044	0.0091447925486875529212531753	54	5905
5757701	60127	0.4337552742616033755274261603	1542	3555
420337	60127	0.0846694796061884669479606188	301	3555
1168355	60127	0.4815752461322081575246132208	1712	3555
5634437	126505	0.3013054830287206266318537859	2885	9575
5192603	126505	0.492219321148825065274151436	4713	9575
611911	126505	0.2064751958224543080939947781	1977	9575
852813	168846	0.0029933419123818049571980082	107	35746
5183123	168846	0.092961450232193811895037207	3323	35746
465039	168846	0.0293739159626251888323169026	1050	35746
5376312	168846	0.2147932635819392379566944553	7678	35746
2061690	168846	0.0870586918816091310915906675	3112	35746
824562	168846	0.3304705421585631958820567336	11813	35746
448342	168846	0.1504224248867006098584457002	5377	35746
625201	168846	0.0822469646953505287304873273	2940	35746
1811061	168846	0.0027415654898450176243495776	98	35746
586502	168846	0.0069378391987914731718234208	248	35746
852813	91997	0.7086221236484613252009980593	2556	3607
3501782	91997	0.2913778763515386747990019407	1051	3607
2841229	129747	0.00842090771419393327520536	367	43582
2678349	129747	0.0105777614611536873020971961	461	43582
747137	129747	0.0091551557982653389013813042	399	43582
853671	129747	0.0206277821118810518103804323	899	43582
1210270	129747	0.0320315726676150704419255656	1396	43582
2693942	129747	0.1380386398054242577210775091	6016	43582
2768466	129747	0.1133954384837777063925473819	4942	43582
563935	129747	0.2127483823596897801844798311	9272	43582
1307503	129747	0.0544490844844201734661098619	2373	43582
5228151	129747	0.1723876829883897021706208985	7513	43582
5555303	129747	0.0412555642237621036207608646	1798	43582
370100	129747	0.1187187370932953971823229774	5174	43582
310535	129747	0.0129411224817585241613510165	564	43582
5738480	129747	0.0281308797209857280528658621	1226	43582
2267641	129747	0.0135376990500665412326189711	590	43582
1330913	129747	0.0135835895553210040842549676	592	43582
2841229	260705	0.0599296743617183916832288641	392	6541
5415621	260705	0.5329460327167099831829995414	3486	6541
2693942	260705	0.2689191255159761504357131937	1759	6541
5253939	260705	0.1382051674055954746980584009	904	6541
2841229	410963	0.4907597535934291581108829569	717	1461
438471	410963	0.5092402464065708418891170431	744	1461
1936483	488537	0.1162983884366173783020435288	1400	12038
541999	488537	0.1135570692806113972420667885	1367	12038
563935	488537	0.1953812925735171955474331284	2352	12038
578029	488537	0.1967104170127928227280279116	2368	12038
5059655	488537	0.2217145705266655590629672703	2669	12038
412176	488537	0.1563382621697956471174613723	1882	12038
2841229	745519	0.0791676091382040262384076001	350	4421
5690980	745519	0.1248586292693960642388599864	552	4421
438471	745519	0.248812485862926939606423886	1100	4421
3739429	745519	0.0612983487898665460303098846	271	4421
2317099	745519	0.2893010631078941415969237729	1279	4421
1174142	745519	0.1965618638317122822890748699	869	4421
2841229	902814	0.1784409257003654080389768575	293	1642
1028376	902814	0.1443361753958587088915956151	237	1642
5059655	902814	0.4555420219244823386114494519	748	1642
412176	902814	0.2216808769792935444579780755	364	1642
495416	67791	0.0741907261592300962379702537	424	5715
5080328	67791	0.26229221347331583552055993	1499	5715
2630695	67791	0.4173228346456692913385826772	2385	5715
2926239	67791	0.2461942257217847769028871391	1407	5715
1977097	52693	0.0331809121819674053230155939	1981	59703
5104909	52693	0.1188717484883506691456040735	7097	59703
5748876	52693	0.0572333048590523089291995377	3417	59703
2673083	52693	0.0200492437565951459725641928	1197	59703
5821938	52693	0.033264660067333299834179187	1986	59703
5133264	52693	0.0288427717200140696447414703	1722	59703
2966220	52693	0.0124616853424451032611426561	744	59703
1261010	52693	0.0524596753931963217928747299	3132	59703
377239	52693	0.4154062609919099542736545902	24801	59703
1107395	52693	0.0263470847361104132120663953	1573	59703
3722023	52693	0.0713699479088153024136140562	4261	59703
5258073	52693	0.0883540190610187092775907408	5275	59703
2348614	52693	0.0157948511800077048054536623	943	59703
3718911	52693	0.0263638343131835921142991139	1574	59703
5844264	56897	0.038159111933395004625346901	165	4324
1107395	56897	0.5460222016651248843663274746	2361	4324
5258073	56897	0.2308048103607770582793709528	998	4324
2706901	56897	0.1850138760407030527289546716	800	4324
3812914	56903	0.0402060560371906018344013067	960	23877
5165251	56903	0.0241655149306864346442182854	577	23877
2311214	56903	0.0272647317502198768689533861	651	23877
2805346	56903	0.0206893663358043305272856724	494	23877
1295866	56903	0.1924864932780500062821962558	4596	23877
5133264	56903	0.3647443146123884910164593542	8709	23877
1107395	56903	0.0159148971813879465594505172	380	23877
5412277	56903	0.098337312057628680319973196	2348	23877
5270376	56903	0.1515265736901620806633999246	3618	23877
2706901	56903	0.0646647401264815512836621016	1544	23877
5821938	57070	0.6248410343365832980076303518	4422	7077
856643	57070	0.2759643916913946587537091988	1953	7077
2941578	57070	0.0991945739720220432386604493	702	7077
487976	57230	0.2812080536912751677852348993	838	2980
3718911	57230	0.7187919463087248322147651007	2142	2980
2436014	840530	0.5420375865479723046488625124	548	1011
3855493	840530	0.4579624134520276953511374876	463	1011
3862091	134694	0.2436540068119015487436540068	7583	31122
2380997	134694	0.0286292654713707345286292655	891	31122
611836	134694	0.280155516997622260780155517	8719	31122
5646968	134694	0.3455754771544245228455754772	10755	31122
3740222	134694	0.0071332176595334490071332177	222	31122
2889163	134694	0.0948525159051474840948525159	2952	31122
3862091	152361	0.131404072883172561629153269	613	4665
3739429	152361	0.0816720257234726688102893891	381	4665
3851740	152361	0.2720257234726688102893890675	1269	4665
2382329	152361	0.1082529474812433011789924973	505	4665
5646968	152361	0.2345123258306538049303322615	1094	4665
5076006	152361	0.1721329046087888531618435155	803	4665
5068738	12119375	0.3543046357615894039735099338	107	302
1308419	12119375	0.6456953642384105960264900662	195	302
5255195	14551275	0.0286427976686094920899250624	172	6005
5459018	14551275	0.0449625312239800166527893422	270	6005
3015014	14551275	0.7114071606994171523730224813	4272	6005
2051844	14551275	0.2149875104079933388842631141	1291	6005
5068738	151728	0.3924775143090760425183973835	480	1223
3540306	151728	0.6075224856909239574816026165	743	1223
5068738	182371	0.0848831664282308059132093467	178	2097
1343586	182371	0.7081545064377682403433476395	1485	2097
5459018	182371	0.1087267525035765379113018598	228	2097
1861784	182371	0.098235574630424415832141154	206	2097
3086764	182488	0.0228978518790949831773664065	1681	73413
5485568	182488	0.0234972007682563033795104409	1725	73413
2375910	182488	0.059703322299865146499938703	4383	73413
5856228	182488	0.0981978668628172122103714601	7209	73413
3820731	182488	0.0288368545080571560895209295	2117	73413
1330281	182488	0.0611608298257801751733344231	4490	73413
5376312	182488	0.0881723945350278561017803386	6473	73413
5459018	182488	0.0157056652091591407516379933	1153	73413
5172790	182488	0.0217808834947488864370070696	1599	73413
448342	182488	0.1628594390639260076553199025	11956	73413
625201	182488	0.2318935338427798891204555052	17024	73413
1201818	182488	0.0285780447604647678204132783	2098	73413
2051844	182488	0.0143843733398716848514568264	1056	73413
2127149	182488	0.0025472327789356108591121464	187	73413
1308419	182488	0.0186206802609891980984294335	1367	73413
5769709	182488	0.0430713906256385108904417474	3162	73413
586502	182488	0.0169452276844700529878904281	1244	73413
2064776	182488	0.0611472082601174178960129677	4489	73413
5183123	185655	0.751780264496439471007121058	4434	5898
5459018	185655	0.0408613089182773821634452357	241	5898
625201	185655	0.0422177009155645981688708037	249	5898
1308419	185655	0.1651407256697185486605629027	974	5898
1936483	217645	0.0193291813611465446086891273	1288	66635
463237	217645	0.0721842875365798754408343963	4810	66635
5203230	217645	0.0492984167479552787574097696	3285	66635
2736811	217645	0.0448412996173182261574247768	2988	66635
2170030	217645	0.0148270428453515419824416598	988	66635
2009678	217645	0.0150071283859833420874915585	1000	66635
3666906	217645	0.0487881743828318451264350567	3251	66635
997949	217645	0.0828993772041719816913033691	5524	66635
3005649	217645	0.058872964658212651009229384	3923	66635
2380997	217645	0.0222405642680273129736624897	1482	66635
3059821	217645	0.0088091843625722218053575448	587	66635
2323420	217645	0.1667141892398889472499437233	11109	66635
3091072	217645	0.1428678622345614166729196368	9520	66635
2317099	217645	0.0187739176108651609514519397	1251	66635
2165223	217645	0.0945449088316950551511968185	6300	66635
1068451	217645	0.0505890297891498461769340437	3371	66635
5253939	217645	0.0610039768890222855856531853	4065	66635
2318215	217645	0.0284084940346664665716215202	1893	66635
5068738	2188924	0.1007252215954875100725221595	250	2482
3839377	2188924	0.240531829170024174053182917	597	2482
1201818	2188924	0.1208702659145850120870265915	300	2482
3015014	2188924	0.221595487510072522159548751	550	2482
3540306	2188924	0.1688154713940370668815471394	419	2482
2051844	2188924	0.1474617244157937147461724416	366	2482
5255195	2740080	0.3048128342245989304812834225	114	374
5459018	2740080	0.6951871657754010695187165775	260	374
676876	41778	0.3337536780159730979403110551	1588	4758
3575561	41778	0.1048759983186212694409415721	499	4758
2444951	41778	0.5613703236654056326187473728	2671	4758
5068738	42263318	0.3303964757709251101321585903	75	227
5191725	42263318	0.6696035242290748898678414097	152	227
5068738	5143094	0.346961325966850828729281768	314	905
3642477	5143094	0.2209944751381215469613259669	200	905
3739429	5143094	0.4320441988950276243093922652	391	905
3709910	608227	0.0446606493963193060602508498	381	8531
454016	608227	0.5120150041026843277458680108	4368	8531
5172790	608227	0.041026843277458680107841988	350	8531
3015014	608227	0.3250498183096940569687023796	2773	8531
3540306	608227	0.0772476849138436291173367718	659	8531
1861784	710863	0.5010090817356205852674066599	993	1982
2064776	710863	0.4989909182643794147325933401	989	1982
2170030	745842	0.0364008478912360207587164681	498	13681
3851740	745842	0.2882830202470579635991521088	3944	13681
5253939	745842	0.1242599225202836049996345296	1700	13681
2064776	745842	0.0431985965938162415028141218	591	13681
2444951	745842	0.5078576127476061691396827717	6948	13681
694263	754532	0.3112199465716829919857524488	699	2246
488062	754532	0.6887800534283170080142475512	1547	2246
1343586	9069152	0.2708044382801664355062413315	781	2884
1330281	9069152	0.0676144244105409153952843273	195	2884
5459018	9069152	0.0735090152565880721220527046	212	2884
1308419	9069152	0.2701109570041608876560332871	779	2884
5769709	9069152	0.3179611650485436893203883495	917	2884
5459018	91873	0.4930662557781201848998459168	320	649
5769709	91873	0.5069337442218798151001540832	329	649
5068738	933615	0.417366946778711484593837535	149	357
5769709	933615	0.582633053221288515406162465	208	357
1065130	185683	0.6255411255411255411255411255	578	924
1824523	185683	0.3744588744588744588744588745	346	924
3499679	240115	0.1289803220035778175313059034	1442	11180
5432869	240115	0.0221824686940966010733452594	248	11180
506944	240115	0.6207513416815742397137745975	6940	11180
1261085	240115	0.2280858676207513416815742397	2550	11180
3839377	169103	0.1718496315723741725989758961	1376	8007
5352805	169103	0.0745597602098164106406893968	597	8007
3621874	169103	0.049956288247783189709004621	400	8007
3733708	169103	0.0408392656425627575871112776	327	8007
5253939	169103	0.1779692768827276133383289622	1425	8007
2444951	169103	0.4848257774447358561258898464	3882	8007
3198630	182473	0.1140973177748789335430031629	6385	55961
3666906	182473	0.0424581404906988795768481621	2376	55961
5485568	182473	0.0432980111148835796358178017	2423	55961
5856228	182473	0.0672611282857704472757813477	3764	55961
5824054	182473	0.0088275763478136559389574883	494	55961
676876	182473	0.0178517181608620289129929773	999	55961
372992	182473	0.1189578456425010275012955451	6657	55961
625201	182473	0.0349529136362824109647790425	1956	55961
2051844	182473	0.017673022283375922517467522	989	55961
5253939	182473	0.0271796429656367827594217401	1521	55961
2143123	182473	0.1605225067457693751005164311	8983	55961
2064776	182473	0.0267329032719215167706081021	1496	55961
2444951	182473	0.1069494826754346777219849538	5985	55961
2266303	182473	0.2132377906041707617805257233	11933	55961
5647664	142020	0.0977329974811083123425692695	388	3970
1210270	142020	0.9022670025188916876574307305	3582	3970
3562743	1154880	0.5554156171284634760705289673	441	794
570025	1154880	0.4445843828715365239294710327	353	794
625189	115770	0.1820840950639853747714808044	498	2735
5757701	115770	0.3287020109689213893967093236	899	2735
2309745	115770	0.1272394881170018281535648995	348	2735
1815580	115770	0.1817184643510054844606946984	497	2735
3389191	115770	0.1802559414990859232175502742	493	2735
5757701	168558	0.3746518105849582172701949861	538	1436
351548	168558	0.3976323119777158774373259053	571	1436
1023794	168558	0.2277158774373259052924791086	327	1436
625189	190427	0.2663626609442060085836909871	993	3728
5431303	190427	0.7336373390557939914163090129	2735	3728
487976	271384	0.1820140667561084685124202138	4477	24597
5765295	271384	0.0284994104972151075334390373	701	24597
5193278	271384	0.054722120583811033865918608	1346	24597
5104909	271384	0.0308574216367849737772899134	759	24597
2673083	271384	0.0567142334431028174167581412	1395	24597
856643	271384	0.0381753872423466276375167703	939	24597
2966220	271384	0.0334187095987315526283693133	822	24597
1261010	271384	0.0287026873195918201406675611	706	24597
377239	271384	0.5122982477537911127373256901	12601	24597
2348614	271384	0.0345977151685164857502947514	851	24597
5477890	435339	0.3495336278841433480608738341	1424	4074
5748876	435339	0.3750613647520864015709376534	1528	4074
856643	435339	0.2066764850270004909180166912	842	4074
2706901	435339	0.0687285223367697594501718213	280	4074
1215610	4767980	0.146932306995698437853746887	649	4417
5477890	4767980	0.3599728322390762961285940684	1590	4417
377239	4767980	0.4930948607652252660176590446	2178	4417
1949682	56796	0.3178330263965623081645181093	2071	6516
1261010	56796	0.6416513198281154082259054635	4181	6516
5270376	56796	0.0405156537753222836095764273	264	6516
5610135	105269	0.183046110852352119236143456	393	2147
5289657	105269	0.4466697717745691662785281789	959	2147
5488097	105269	0.0926874708896134140661387983	199	2147
5728116	105269	0.2775966464834653004191895668	596	2147
5289657	121964	0.0384661330784852466849838729	322	8371
3851740	121964	0.574005495161868355035240712	4805	8371
2382329	121964	0.0400191136064986262095329112	335	8371
991457	121964	0.0942539720463504957591685581	789	8371
356086	121964	0.2532552861067972763110739458	2120	8371
5610135	1284796	0.4059701492537313432835820896	272	670
2382329	1284796	0.5940298507462686567164179104	398	670
5610135	194184	0.1135412704450361354127044504	597	5258
5725649	194184	0.051160136934195511601369342	269	5258
2382329	194184	0.0779764168885507797641688855	410	5258
5581484	194184	0.2242297451502472422974515025	1179	5258
3663051	194184	0.1898060098896918980600988969	998	5258
783598	194184	0.3432864206922784328642069228	1805	5258
1936483	39397	0.3472222222222222222222222222	550	1584
372992	39397	0.2840909090909090909090909091	450	1584
5728116	39397	0.3686868686868686868686868687	584	1584
5610135	54588	0.1348550133923372539885873996	1158	8587
1936483	54588	0.0687085128682892744846861535	590	8587
2382329	54588	0.1791079538837778036566903459	1538	8587
5488097	54588	0.0228252008850588098288109934	196	8587
5076006	54588	0.1527890998020263188540817515	1312	8587
356086	54588	0.2903225806451612903225806452	2493	8587
3663051	54588	0.1164551065564224991265867008	1000	8587
5712266	54588	0.0349365319669267497379760102	300	8587
5610135	73623	0.1585047812228339611706751666	547	3451
2348683	73623	0.0863517820921472037090698348	298	3451
5725649	73623	0.0730223123732251521298174442	252	3451
2382329	73623	0.4248044045204288611996522747	1466	3451
5581484	73623	0.1127209504491451753115039119	389	3451
356086	73623	0.1445957693422196464792813677	499	3451
1936483	120328	0.3464703334776959722823733218	800	2309
372992	120328	0.1368557817236899090515374621	316	2309
5488097	120328	0.1268947596362061498484192291	293	2309
783598	120328	0.389779125162407968817669987	900	2309
1936483	164211	0.0615006150061500615006150062	800	13008
5690980	164211	0.042819803198031980319803198	557	13008
5534249	164211	0.1581334563345633456334563346	2057	13008
2768466	164211	0.0721094710947109471094710947	938	13008
2992814	164211	0.1835793357933579335793357934	2388	13008
3059821	164211	0.0768757687576875768757687577	1000	13008
563935	164211	0.030135301353013530135301353	392	13008
3091072	164211	0.0844095940959409594095940959	1098	13008
2671032	164211	0.2904366543665436654366543665	3778	13008
1030465	164912	0.8353075495932638789781646925	5853	7007
308856	164912	0.0852005137719423433709147995	597	7007
5129929	164912	0.0794919366347937776509205081	557	7007
1936483	170191	0.3047267851156553804894401609	909	2983
545689	170191	0.1558833389205497820985584982	465	2983
5555303	170191	0.1837076768354006034193764666	548	2983
5738480	170191	0.2155548105933623868588669125	643	2983
3813638	170191	0.1401273885350318471337579618	418	2983
5615884	171394	0.1835825644288895959274578428	577	3143
406416	171394	0.8164174355711104040725421572	2566	3143
1936483	182553	0.1704156479217603911980440098	697	4090
449064	182553	0.8295843520782396088019559902	3393	4090
1936483	186145	0.1620938628158844765342960289	449	2770
3739429	186145	0.2267148014440433212996389892	628	2770
5430363	186145	0.2512635379061371841155234657	696	2770
2444951	186145	0.3599277978339350180505415162	997	2770
1936483	199580	0.031306679283968141313776516	1588	50724
1352484	199580	0.0097784086428515101332702468	496	50724
5415621	199580	0.0271074836369371500670294141	1375	50724
597952	199580	0.0014194464158977998580553584	72	50724
2009739	199580	0.180762558157873984701521962	9169	50724
563935	199580	0.0307152432773440580395867834	1558	50724
3852988	199580	0.0019320242883053386956864601	98	50724
1198857	199580	0.2117143758378676760507846384	10739	50724
1360690	199580	0.0423862471413926346502641747	2150	50724
2990551	199580	0.0278566359119943222143364088	1413	50724
370100	199580	0.0393896380411639460610361959	1998	50724
412176	199580	0.0230857187918933838025392319	1171	50724
5547304	199580	0.0578818705149436164340351707	2936	50724
1332484	199580	0.1957061745919091554293825408	9927	50724
1084392	199580	0.0598533238703572273480009463	3036	50724
1330913	199580	0.0591041715953000552006939516	2998	50724
3005649	2007408	0.3446768060836501901140684411	1813	5260
5614712	2007408	0.1138783269961977186311787072	599	5260
3059821	2007408	0.1134980988593155893536121673	597	5260
1174142	2007408	0.1131178707224334600760456274	595	5260
2671032	2007408	0.2216730038022813688212927757	1166	5260
2722604	2007408	0.0931558935361216730038022814	490	5260
5690980	202210	0.1993243243243243243243243243	354	1776
1198857	202210	0.8006756756756756756756756757	1422	1776
390177	279517	0.4501198037500475411706537862	11835	26293
347360	279517	0.297911991784885711025748298	7833	26293
5534249	279517	0.022781728977294336895751721	599	26293
545689	279517	0.0332027535846042672954778838	873	26293
308856	279517	0.0619936865325371771954512608	1630	26293
1964091	279517	0.0322899631080515726619252272	849	26293
3813638	279517	0.1017000722625793937549918229	2674	26293
1936483	279519	0.0349850597609561752988047809	1124	32128
463237	279519	0.4102340637450199203187250996	13180	32128
5615884	279519	0.0310943725099601593625498008	999	32128
2143123	279519	0.1108067729083665338645418327	3560	32128
361386	279519	0.394328934262948207171314741	12669	32128
5712266	279519	0.018550796812749003984063745	596	32128
1936483	531259	0.1715565833212892036421448186	1187	6919
5820240	531259	0.2139037433155080213903743316	1480	6919
440458	531259	0.2131810955340367105072987426	1475	6919
5528279	531259	0.4013585778291660644601821072	2777	6919
5690980	670576	0.5837669094693028095733610822	561	961
2693942	670576	0.4162330905306971904266389178	400	961
2348683	185623	0.5237835875090777051561365287	8655	16524
2678349	185623	0.0767368675865407891551682401	1268	16524
563935	185623	0.13737593802953280077463084	2270	16524
308856	185623	0.0726216412490922294843863471	1200	16524
5555303	185623	0.0332849189058339385136770758	550	16524
370100	185623	0.0600944081336238198983297023	993	16524
412176	185623	0.0620309852335996126845800048	1025	16524
5712266	185623	0.0340716533526991043330912612	563	16524
2348683	208335	0.0406769596199524940617577197	274	6736
747137	208335	0.1103028503562945368171021378	743	6736
3059821	208335	0.3950415676959619952494061758	2661	6736
438221	208335	0.0194477434679334916864608076	131	6736
412176	208335	0.350801662707838479809976247	2363	6736
2722604	208335	0.0399346793349168646080760095	269	6736
2267641	208335	0.0437945368171021377672209026	295	6736
5728116	41779	0.7896213183730715287517531557	563	713
663648	41779	0.2103786816269284712482468443	150	713
5654183	134653	0.0253745032100275145215530419	83	3271
2457932	134653	0.2925710791806786915316416998	957	3271
5235031	134653	0.5423417915010700091715071843	1774	3271
5621369	134653	0.139712626108223784775298074	457	3271
395738	98677	0.8263971462544589774078478002	1390	1682
2267641	98677	0.1736028537455410225921521998	292	1682
2143123	100020	0.9036283355730466500287963141	4707	5209
5712266	100020	0.0963716644269533499712036859	502	5209
463237	185656	0.1546364936922876837039927169	1189	7689
2973260	185656	0.2459357523735206138639615034	1891	7689
2165223	185656	0.0779034985043568734555859019	599	7689
5191725	185656	0.0329041487839771101573676681	253	7689
5253939	185656	0.3393159058395109897255820003	2609	7689
1169039	185656	0.1493042008063467290935102094	1148	7689
2736811	217646	0.0668452779638312123241795044	499	7465
997949	217646	0.0926992632283991962491627595	692	7465
2165223	217646	0.0482250502344273275284661755	360	7465
2485987	217646	0.6124581379772270596115204287	4572	7465
2318215	217646	0.1797722705961152042866711319	1342	7465
463237	260708	0.0426427723199827269783007665	395	9263
5690980	260708	0.0971607470581884918492928857	900	9263
541999	260708	0.1106552952607146712728057865	1025	9263
2380997	260708	0.106768865378387131598834071	989	9263
3059821	260708	0.0619669653460002159127712404	574	9263
563935	260708	0.0161934578430314153082154809	150	9263
3091072	260708	0.1919464536327323761200475008	1778	9263
3180674	260708	0.2542372881355932203389830508	2355	9263
2165223	260708	0.0653136133002267084098024398	605	9263
2143123	260708	0.0531145417251430422109467775	492	9263
463237	2803795	0.5833333333333333333333333333	350	600
2165223	2803795	0.4166666666666666666666666667	250	600
463237	297573	0.3238206173558532323820617356	556	1717
2485987	297573	0.6761793826441467676179382644	1161	1717
463237	38346	0.0394069061598168972037018609	1188	30147
5533241	38346	0.2958835041629349520681991575	8920	30147
3005649	38346	0.0957309184993531694695989651	2886	30147
5614712	38346	0.131654891033933724748731217	3969	30147
1057979	38346	0.0103492884864165588615782665	312	30147
3180674	38346	0.1560354264105881182207184795	4704	30147
5784841	38346	0.2367731449232096062626463661	7138	30147
2165223	38346	0.0282946893554914253491226324	853	30147
2267641	38346	0.005871230968255547815703055	177	30147
463237	68704	0.0599039276631816897428652162	424	7078
2736811	68704	0.1507487990957897711217858152	1067	7078
3739429	68704	0.038570217575586323820288217	273	7078
2165223	68704	0.02740887256287086747668833	194	7078
2064776	68704	0.0775642836959593105397004804	549	7078
2318215	68704	0.1296976547047188471319581803	918	7078
1169039	68704	0.2719694829047753602712630687	1925	7078
5712266	68704	0.2441367617971178298954506923	1728	7078
463237	68724	0.0821422704123541974700180713	500	6087
3059821	68724	0.1770987350090356497453589617	1078	6087
1174142	68724	0.1964843108263512403482832265	1196	6087
781900	68724	0.0468210941350418925579103006	285	6087
5253939	68724	0.3997042878265155248891079349	2433	6087
5712266	68724	0.0977493017907014949893215048	595	6087
5539592	137824	0.5360208062418725617685305592	2061	3845
396384	137824	0.3869960988296488946684005202	1488	3845
5325560	137824	0.0769830949284785435630689207	296	3845
3499679	105884	0.4061538461538461538461538462	1320	3250
506944	105884	0.5323076923076923076923076923	1730	3250
1261085	105884	0.0615384615384615384615384615	200	3250
3499679	209219	0.6935369318181818181818181818	1953	2816
506944	209219	0.3064630681818181818181818182	863	2816
3499679	66903	0.3681147867676365085691510562	4618	12545
506944	66903	0.5475488242327620565962534874	6869	12545
1261085	66903	0.0612196094061379035472299721	768	12545
2189615	66903	0.0231167795934635312873654843	290	12545
3499679	77996	0.9300458715596330275229357798	3244	3488
5457618	77996	0.0699541284403669724770642202	244	3488
390177	1041766	0.4709696433834364868847627468	1598	3393
5059655	1041766	0.3530798703212496315944591807	1198	3393
3813638	1041766	0.1759504862953138815207780725	597	3393
390177	424850	0.1224976167778836987607244995	514	4196
347360	424850	0.4761677788369876072449952336	1998	4196
5059655	424850	0.4013346043851286939942802669	1684	4196
390177	453953	0.8062171982236576503835284618	1997	2477
2722604	453953	0.1937828017763423496164715382	480	2477
3005649	217647	0.8505298382598996095928611266	1525	1793
3594753	217647	0.1494701617401003904071388734	268	1793
5203230	38112	0.3574908127510469190667464319	4183	11701
3666906	38112	0.0253824459447910435005555081	297	11701
3005649	38112	0.2812580121357148961627211349	3291	11701
3739429	38112	0.0341851123835569609435091018	400	11701
2165223	38112	0.1226390906760105973848389027	1435	11701
1068451	38112	0.0255533715067088283052730536	299	11701
3663051	38112	0.153491154602170754636355867	1796	11701
5203230	785610	0.8565848214285714285714285714	1535	1792
784936	785610	0.1434151785714285714285714286	257	1792
5397075	152893	0.0080433288872721393638090619	199	24741
1966957	152893	0.1982943292510407825067701386	4906	24741
2522060	152893	0.172102986944747584980396912	4258	24741
450461	152893	0.1496301685461379895719655632	3702	24741
506944	152893	0.4719291863708015035770583242	11676	24741
733383	152916	0.861627162075592568866111467	5380	6244
506944	152916	0.138372837924407431133888533	864	6244
733383	516468	0.7873553087725483283389153299	13400	17019
1966957	516468	0.2126446912274516716610846701	3619	17019
733383	562043	0.8560733944954128440366972477	11664	13625
5397075	562043	0.0322935779816513761467889908	440	13625
1966957	562043	0.1116330275229357798165137615	1521	13625
2096858	106695	0.0540475036354823073194377121	446	8252
5415621	106695	0.1757149781871061560833737276	1450	8252
2693942	106695	0.3997818710615608337372758119	3299	8252
370100	106695	0.190499272903538536112457586	1572	8252
2267641	106695	0.1799563742123121667474551624	1485	8252
2678349	1876369	0.6346414073071718538565629229	469	739
747137	1876369	0.3653585926928281461434370771	270	739
1198857	231909	0.4568941308621173827576523448	1627	3561
370100	231909	0.4608256107834877843302443134	1641	3561
2267641	231909	0.0822802583543948329121033418	293	3561
2678349	373271	0.0972904674996490242875193037	1386	14246
747137	373271	0.1257195002105854274884178015	1791	14246
5555303	373271	0.2924329636389161869998596097	4166	14246
412176	373271	0.2121999157658290046328794047	3023	14246
2267641	373271	0.2723571528850203565913238804	3880	14246
438471	424925	0.2346938775510204081632653061	460	1960
370100	424925	0.7653061224489795918367346939	1500	1960
2736811	47813	0.1903759398496240601503759398	633	3325
2123729	47813	0.3338345864661654135338345865	1110	3325
1068451	47813	0.192481203007518796992481203	640	3325
5253939	47813	0.2833082706766917293233082707	942	3325
416089	118623	0.2950947313781468985206332728	1137	3853
396042	118623	0.2704386192577212561640280301	1042	3853
3472385	118623	0.2719958473916428756812873086	1048	3853
252237	118623	0.1624708019724889696340513885	626	3853
416089	139169	0.6549475474907853700028352708	2310	3527
176973	139169	0.3186844343634817125035440885	1124	3527
5365156	139169	0.0263680181457329174936206408	93	3527
416089	139170	0.6340918989547038327526132404	11647	18368
3772665	139170	0.0198170731707317073170731707	364	18368
176973	139170	0.3421711672473867595818815331	6285	18368
5271801	139170	0.0039198606271777003484320557	72	18368
416089	41394	0.692731277533039647577092511	629	908
5344461	41394	0.307268722466960352422907489	279	908
416089	43111	0.0735319911909726959131570229	3773	51311
3585668	43111	0.016838494669758921089045234	864	51311
5668798	43111	0.1939934906745142367133752996	9954	51311
377571	43111	0.1878544561594979633996608914	9639	51311
5499965	43111	0.0170333846543626123053536279	874	51311
2227286	43111	0.0200931574126405644013954123	1031	51311
1964030	43111	0.4906550252382530061780125119	25176	51311
2235638	1193166	0.3399374348279457768508863399	1630	4795
852639	1193166	0.6600625651720542231491136601	3165	4795
2768466	1146239	0.6064370412196499153020892151	1074	1771
5555303	1146239	0.3935629587803500846979107849	697	1771
2693942	119818	0.2054263565891472868217054264	1166	5676
343434	119818	0.2455954897815362931642001409	1394	5676
1174142	119818	0.3937632135306553911205073996	2235	5676
2722604	119818	0.0336504580690627202255109232	191	5676
313277	119818	0.1215644820295983086680761099	690	5676
5289657	182474	0.0264910536779324055666003976	1599	60360
5725649	182474	0.004970178926441351888667992	300	60360
2382329	182474	0.073757455268389662027833002	4452	60360
372992	182474	0.4735917826375082836315440689	28586	60360
5488097	182474	0.0032140490390987408880053015	194	60360
5848606	182474	0.0077700463883366467859509609	469	60360
991457	182474	0.148757455268389662027833002	8979	60360
5581484	182474	0.0065109343936381709741550696	393	60360
3740222	182474	0.0997017892644135188866799205	6018	60360
356086	182474	0.0267395626242544731610337972	1614	60360
5728116	182474	0.0921305500331345261762756793	5561	60360
5728798	182474	0.0033134526176275679257786614	200	60360
3663051	182474	0.0330516898608349900596421471	1995	60360
2973260	7952879	0.3531157270029673590504451039	595	1685
1372581	7952879	0.1483679525222551928783382789	250	1685
2693942	7952879	0.4985163204747774480712166172	840	1685
5330756	7758105	0.4460784313725490196078431373	91	204
551855	7758105	0.5539215686274509803921568627	113	204
5690980	152675	0.204712812960235640648011782	556	2716
2768466	152675	0.1472754050073637702503681885	400	2716
5555303	152675	0.5011045655375552282768777614	1361	2716
693490	152675	0.146907216494845360824742268	399	2716
5690980	4786526	0.1555814858031894204589653831	400	2571
3180674	4786526	0.1594710229482691559704395177	410	2571
5059655	4786526	0.6849474912485414235705950992	1761	2571
5690980	599227	0.1470665269774751178627553693	1123	7636
2317099	599227	0.3133839706652697747511786276	2393	7636
5253939	599227	0.3444211629125196437925615506	2630	7636
5528279	599227	0.1951283394447354635935044526	1490	7636
5690980	8409443	0.7902584493041749502982107356	1590	2012
412176	8409443	0.2097415506958250497017892644	422	2012
2678349	9752925	0.3595080416272469252601702933	380	1057
885571	9752925	0.3424787133396404919583727531	362	1057
2693942	9752925	0.2980132450331125827814569536	315	1057
5690980	9752926	0.205167958656330749354005168	397	1935
885571	9752926	0.2883720930232558139534883721	558	1935
2693942	9752926	0.2077519379844961240310077519	402	1935
3059821	9752926	0.298708010335917312661498708	578	1935
5828310	2626003	0.1221488983778569832139370199	10384	85011
5652689	2626003	0.033595652327345872887038148	2856	85011
3783985	2626003	0.709355259907541376998270812	60303	85011
5838098	2626003	0.1349001893872557669007540201	11468	85011
1316001	85111	0.1492245695445109292953962633	1222	8189
2212277	85111	0.0823055318109659299059714251	674	8189
2673083	85111	0.1539870558065697887409940164	1261	8189
856643	85111	0.441079496886066674807668824	3612	8189
5811541	85111	0.093662229820490902430089144	767	8189
5258073	85111	0.0797411161313957748198803273	653	8189
534080	108195	0.107952500899604174163368118	600	5558
1017308	108195	0.1212666426772220223101835193	674	5558
2274237	108195	0.089960417416336811802806765	500	5558
5654035	108195	0.3492263404102195034184958618	1941	5558
1921805	108195	0.17992083483267362360561353	1000	5558
2127149	108195	0.1516732637639438646995322058	843	5558
2801878	108304	0.0865458750963762528912875867	449	5188
3086764	108304	0.1730917501927525057825751735	898	5188
1017308	108304	0.3544718581341557440246723207	1839	5188
3457031	108304	0.0767154973014649190439475713	398	5188
5485568	108304	0.0807632999228989976869699306	419	5188
676876	108304	0.0844255975327679259830377795	438	5188
2064776	108304	0.1439861218195836545875096376	747	5188
534080	110874	0.027972027972027972027972028	376	13442
1017308	110874	0.6762386549620592173783663145	9090	13442
1836419	110874	0.2216188067251897039131081684	2979	13442
2064776	110874	0.0741705103407231066805534891	997	13442
5672710	100410	0.0728769629516694618082024699	2390	32795
1821712	100410	0.0118615642628449458758957158	389	32795
2019418	100410	0.8455862174111907302942521726	27731	32795
1312246	100410	0.0696752553742948620216496417	2285	32795
2019418	145704	0.8241155954160438465371200797	9924	12042
1312246	145704	0.144162099319049991695731606	1736	12042
5595786	145704	0.0317223052649061617671483142	382	12042
3801417	369648	0.4576415495955725840783312048	1075	2349
5595786	369648	0.5423584504044274159216687952	1274	2349
5672710	57465	0.807224025974025974025974026	1989	2464
2019418	57465	0.192775974025974025974025974	475	2464
5672710	66038	0.1383601756954612005856515373	189	1366
1315748	66038	0.8616398243045387994143484627	1177	1366
2019418	7786500	0.975109352218287856696521558	9363	9602
5368121	7786500	0.024890647781712143303478442	239	9602
2839568	138930	0.2184359982525120139799038882	1000	4578
396384	138930	0.5307994757536041939711664482	2430	4578
5807080	138930	0.2507645259938837920489296636	1148	4578
5539592	138932	0.3405432595573440643863179074	677	1988
396384	138932	0.3345070422535211267605633803	665	1988
5325560	138932	0.3249496981891348088531187123	646	1988
2839568	263397	0.0678015706550899956099702454	1390	20501
396384	263397	0.6766499195161211648212282328	13872	20501
5807080	263397	0.0857031364323691527242573533	1757	20501
1076972	263397	0.1166284571484317838154236379	2391	20501
5325560	263397	0.0532169162479879030291205307	1091	20501
2839568	7323	0.0913312693498452012383900929	59	646
396384	7323	0.9086687306501547987616099071	587	646
2457932	147857	0.7259865971705137751303052867	975	1343
1160758	147857	0.2204020848845867460908413999	296	1343
503816	147857	0.0536113179448994787788533135	72	1343
2457932	179712	0.0433367014707533400696081733	386	8907
348216	179712	0.9566632985292466599303918267	8521	8907
2961798	56116	0.2927328556806550665301944729	1716	5862
659187	56116	0.368645513476629136813374275	2161	5862
2485987	56116	0.3386216308427157966564312521	1985	5862
2170030	109229	0.2776339374626568412666799442	2788	10042
2323420	109229	0.1179047998406691894045010954	1184	10042
5253939	109229	0.2659828719378609838677554272	2671	10042
694263	109229	0.3384783907588129854610635332	3399	10042
5075059	172511	0.4140070921985815602836879433	934	2256
2485987	172511	0.5859929078014184397163120567	1322	2256
2170030	47830	0.0720566084001821557431604021	2057	28547
5183123	47830	0.0087224577013346411181560234	249	28547
2323420	47830	0.0384628857673310680631940309	1098	28547
2209894	47830	0.4310085122779976880232598872	12304	28547
2884634	47830	0.0077065891337093214698567275	220	28547
616860	47830	0.2365922864048761691246015343	6754	28547
3733708	47830	0.010508985182330892913440992	300	28547
2309963	47830	0.0171646757978071250919536203	490	28547
5253939	47830	0.0267979122149437769292745297	765	28547
488062	47830	0.1405751917889795775387956703	4013	28547
3128900	47830	0.0104038953305075839843065821	297	28547
2170030	68705	0.4342906875543951261966927763	499	1149
2064776	68705	0.5657093124456048738033072237	650	1149
1807907	451337	0.5688748685594111461619348055	2705	4755
2693942	451337	0.4311251314405888538380651945	2050	4755
395141	134132	0.0094889521485698793547512539	70	7377
3129288	134132	0.0654737698251321675477836519	483	7377
526648	134132	0.0805205368035786905246034974	594	7377
5272978	134132	0.0431069540463603090687271248	318	7377
5504640	134132	0.4827165514436762911752745018	3561	7377
5621369	134132	0.0985495458858614612986308798	727	7377
3385782	134132	0.1302697573539379151416564999	961	7377
1154828	134132	0.0691337942252948352989019927	510	7377
2248889	134132	0.0207401382675884505896705978	153	7377
2916027	30231	0.5760743321718931475029036005	496	861
5387419	30231	0.4239256678281068524970963995	365	861
2916027	95180	0.6283456080474223100413148913	3498	5567
5387419	95180	0.3716543919525776899586851087	2069	5567
784936	101527	0.576038575667655786350148368	1553	2696
1028376	101527	0.423961424332344213649851632	1143	2696
784936	182478	0.0611453744493392070484581498	347	5675
236859	182478	0.9388546255506607929515418502	5328	5675
1148890	218537	0.2112979732643380767572229409	490	2319
5821938	218537	0.7887020267356619232427770591	1829	2319
1949682	32953	0.4682352941176470588235294118	398	850
3783985	32953	0.2258823529411764705882352941	192	850
1107395	32953	0.3058823529411764705882352941	260	850
1949682	8210876	0.2443324937027707808564231738	485	1985
2673083	8210876	0.7556675062972292191435768262	1500	1985
2678349	112868	0.8509615384615384615384615385	3363	3952
3709910	112868	0.0293522267206477732793522267	116	3952
310535	112868	0.1196862348178137651821862348	473	3952
5534249	2422742	0.3559322033898305084745762712	483	1357
2693942	2422742	0.6440677966101694915254237288	874	1357
2678349	2753794	0.4727668845315904139433551198	434	918
5534249	2753794	0.5272331154684095860566448802	484	918
2678349	326939	0.9189944134078212290502793296	1974	2148
747137	326939	0.0810055865921787709497206704	174	2148
2678349	41560	0.1014324428958575300038714673	524	5166
1807907	41560	0.1465350367789392179636082075	757	5166
1210270	41560	0.3060394889663182346109175377	1581	5166
2693942	41560	0.0847851335656213704994192799	438	5166
545689	41560	0.0747193186217576461478900503	386	5166
5555303	41560	0.2864885791715060007742934572	1480	5166
2678349	41847	0.2781942362152257204730967849	1670	6003
747137	41847	0.0249875062468765617191404298	150	6003
563935	41847	0.0994502748625687156421789105	597	6003
1174142	41847	0.3989671830751291021156088622	2395	6003
5059655	41847	0.0854572713643178410794602699	513	6003
2267641	41847	0.1129435282358820589705147426	678	6003
347360	464742	0.4380114566284779050736497545	2141	4888
2317099	464742	0.2166530278232405891980360065	1059	4888
5059655	464742	0.345335515548281505728314239	1688	4888
2678349	4768672	0.654499151103565365025466893	771	1178
412176	4768672	0.345500848896434634974533107	407	1178
2678349	6512021	0.5552193645990922844175491679	367	661
2267641	6512021	0.4447806354009077155824508321	294	661
5633749	174820	0.0384554216101021024841757053	1209	31439
1102292	174820	0.0240783739940837812907535227	757	31439
2019418	174820	0.1573205254620057889881993702	4946	31439
5368121	174820	0.1542988008524444161709978053	4851	31439
3801417	174820	0.0762428830433537962403384332	2397	31439
1312246	174820	0.1985750182893857947135723146	6243	31439
5595786	174820	0.1983841725245713922198543211	6237	31439
419080	174820	0.1526448042240529278921085276	4799	31439
5633749	2063866	0.8052427542920435665497507846	4362	5417
335995	2063866	0.1947572457079564334502492154	1055	5417
2019418	407141	0.6379460400348128807658833768	1466	2298
1315748	407141	0.3620539599651871192341166232	832	2298
5368121	493955	0.3560830860534124629080118694	240	674
816666	493955	0.6439169139465875370919881306	434	674
545689	1435837	0.6114151681000781860828772478	782	1279
412176	1435837	0.3885848318999218139171227522	497	1279
747137	524714	0.0513946280991735537190082645	398	7744
2009739	524714	0.0499741735537190082644628099	387	7744
693490	524714	0.8986311983471074380165289256	6959	7744
2165223	55376967	0.4768907563025210084033613445	454	952
2267641	55376967	0.5231092436974789915966386555	498	952
438471	832044	0.3898944193061840120663650075	1034	2652
563935	832044	0.6101055806938159879336349925	1618	2652
271953	158227	0.0034693145113051800454599833	87	25077
5181135	158227	0.0596562587231327511265302867	1496	25077
1964030	158227	0.93687442676556206882800973	23494	25077
2022365	148869	0.7899224806201550387596899225	1019	1290
5297087	148869	0.2100775193798449612403100775	271	1290
3724105	199334	0.6801099908340971585701191567	742	1091
1814825	199334	0.3198900091659028414298808433	349	1091
3724105	92061	0.7261269995152690256907416384	1498	2063
1814825	92061	0.2738730004847309743092583616	565	2063
2415515	169116	0.0071780742459396751740139211	99	13792
2966809	169116	0.1661107888631090487238979118	2291	13792
5856228	169116	0.1144866589327146171693735499	1579	13792
586502	169116	0.0179814385150812064965197216	248	13792
2444951	169116	0.6942430394431554524361948956	9575	13792
5575890	118621	0.632554822606525227313246568	3548	5609
280232	118621	0.1855945801390622214298448921	1041	5609
3472385	118621	0.1818505972544125512569085398	1020	5609
2693942	124270	0.1400983146067415730337078652	399	2848
2255894	124270	0.0491573033707865168539325843	140	2848
280232	124270	0.8107443820224719101123595506	2309	2848
1039696	195334	0.2350628930817610062893081761	299	1272
5715309	195334	0.7649371069182389937106918239	973	1272
438471	275774	0.2771822358346094946401225115	543	1959
5715309	275774	0.5763144461459928534966819806	1129	1959
3472385	275774	0.1465033180193976518631955079	287	1959
3632109	156713	0.028848508595778028113826713	589	20417
616860	156713	0.971151491404221971886173287	19828	20417
2801878	1383547	0.2223210315695864828812805691	500	2249
1343586	1383547	0.334370831480658070253445976	752	2249
1861784	1383547	0.4433081369497554468652734549	997	2249
1861784	152069	0.1963793781975600157418339237	499	2541
1028376	152069	0.0983864620228256591892955529	250	2541
2444951	152069	0.7052341597796143250688705234	1792	2541
3820731	158755	0.2134831460674157303370786517	95	445
5459018	158755	0.7865168539325842696629213483	350	445
5255195	185665	0.0874540253371475275847977115	214	2447
5780273	185665	0.769513690232938291785860237	1883	2447
1237028	185665	0.1430322844299141806293420515	350	2447
2801878	608817	0.1508295625942684766214177979	500	3315
2802814	608817	0.1076923076923076923076923077	357	3315
1343586	608817	0.6726998491704374057315233786	2230	3315
3540306	608817	0.0687782805429864253393665158	228	3315
1102292	1034587	0.1547987616099071207430340557	100	646
1312246	1034587	0.8452012383900928792569659443	546	646
5430363	1073216	0.5841004184100418410041841004	698	1195
5547304	1073216	0.4158995815899581589958158996	497	1195
1105698	1674880	0.5721387987012987012987012987	5639	9856
3739429	1674880	0.0306412337662337662337662338	302	9856
1332484	1674880	0.3972199675324675324675324675	3915	9856
5415621	5528089	0.5146529562982005141388174807	1001	1945
752103	5528089	0.1850899742930591259640102828	360	1945
2267641	5528089	0.3002570694087403598971722365	584	1945
3279610	169841	0.291468253968253968253968254	1469	5040
881923	169841	0.708531746031746031746031746	3571	5040
335781	1457289	0.1961331102435396913924521286	1055	5379
3723977	1457289	0.8038668897564603086075478714	4324	5379
335781	41469	0.7176305079636235743355273074	14283	19903
2436014	41469	0.2027834999748781590714967593	4036	19903
3723977	41469	0.0748128422850826508566547757	1489	19903
935110	41469	0.0047731497764156157363211576	95	19903
335781	85762	0.337324898328061455038409399	1493	4426
3525806	85762	0.662675101671938544961590601	2933	4426
335781	85874	0.2846111417539988968560397132	6708	23569
3679560	85874	0.0205354491068776783062497348	484	23569
2436014	85874	0.2424795281938139080996223853	5715	23569
3786925	85874	0.0184988756417327845899274471	436	23569
5107706	85874	0.3073104501675930247358818787	7243	23569
3723977	85874	0.1265645551359837074122788409	2983	23569
1107395	338757	0.1819637139807897545357524013	341	1874
2706901	338757	0.8180362860192102454642475987	1533	1874
5795955	124222	0.0157013566677839916729883739	890	56683
2801878	124222	0.0100559250568953654534869361	570	56683
5571433	124222	0.2163435245135225729054566625	12263	56683
5088742	124222	0.0281742321330910502266993631	1597	56683
5856228	124222	0.025810207646031437997283136	1463	56683
1917072	124222	0.2827655558103840657692782669	16028	56683
3493842	124222	0.3178201577192456292009950073	18015	56683
676876	124222	0.0453927985463013601961787485	2573	56683
2534944	124222	0.0579362419067445265776335056	3284	56683
5795955	747350	0.1693002257336343115124153499	300	1772
5663105	747350	0.5547404063205417607223476298	983	1772
2064776	747350	0.2759593679458239277652370203	489	1772
3472561	15065781	0.1316693382184566063659262652	575	4367
5821938	15065781	0.8683306617815433936340737348	3792	4367
3709910	46598	0.0551795682458133675838561478	1117	20243
5856228	46598	0.1548189497604110062737736502	3134	20243
2061690	46598	0.4118954700390258360914884157	8338	20243
448342	46598	0.3282122215086696635874129329	6644	20243
1921805	46598	0.0375438423158622733784518105	760	20243
3718911	46598	0.0123499481302178530850170429	250	20243
782550	334178	0.0255384943484751546171891661	479	18756
358459	334178	0.2018020899978673491149498827	3785	18756
739886	334178	0.7726594156536574962678609512	14492	18756
5808898	499789	0.0210923433078967675555174483	492	23326
5352805	499789	0.4177741575923861785132470205	9745	23326
358459	499789	0.1583211866586641515904998714	3693	23326
3475094	499789	0.2723141558775615193346480322	6352	23326
661137	499789	0.0276086770127754437108805625	644	23326
3813141	499789	0.1028894795507159392952070651	2400	23326
5808898	999835	0.0511369818300511369818300511	470	9191
5352805	999835	0.3965836144053965836144053966	3645	9191
739886	999835	0.3347840278533347840278533348	3077	9191
3813141	999835	0.2174953759112174953759112175	1999	9191
537041	1305011	0.6415195291599785981808453719	1199	1869
2379399	1305011	0.1540930979133226324237560193	288	1869
5547304	1305011	0.2043873729266987693953986089	382	1869
5534249	9752924	0.4515384615384615384615384615	587	1300
597952	9752924	0.1069230769230769230769230769	139	1300
693490	9752924	0.4415384615384615384615384615	574	1300
676876	202251	0.199934447722058341527368076	610	3051
2051844	202251	0.2120616191412651589642740085	647	3051
2444951	202251	0.5880039331366764995083579154	1794	3051
877667	158107	0.1800409183905433052966583314	792	4399
2019573	158107	0.8199590816094566947033416686	3607	4399
877667	1796357	0.1344073468752432095882948089	1727	12849
1846227	1796357	0.8655926531247567904117051911	11122	12849
877667	58515	0.0608108108108108108108108108	90	1480
2019573	58515	0.9391891891891891891891891892	1390	1480
877667	8660437	0.4725738396624472573839662447	448	948
1846227	8660437	0.5274261603375527426160337553	500	948
2009678	716524	0.4374295377677564825253664036	388	887
589327	716524	0.5625704622322435174746335964	499	887
3724105	41489	0.5226198514517218095881161377	3870	7405
3585668	41489	0.0788656313301823092505064146	584	7405
3279610	41489	0.1970290344361917623227548953	1459	7405
1815580	41489	0.2014854827819041188386225523	1492	7405
2266548	114968	0.4721780604133545310015898251	891	1887
5595786	114968	0.5278219395866454689984101749	996	1887
2266548	8511024	0.2877059569074778200253485425	454	1578
5136116	8511024	0.7122940430925221799746514575	1124	1578
2992814	43124	0.534467323187108325872873769	597	1117
2051844	43124	0.465532676812891674127126231	520	1117
5072098	88672111	0.0380522785102937774693499884	329	8646
5575890	88672111	0.0917187138561184362711080268	793	8646
5751982	88672111	0.5307656719870460328475595651	4589	8646
5746044	88672111	0.2704140643071940781864445987	2338	8646
739886	88672111	0.069049271339347675225537821	597	8646
3021729	193894	0.1310615989515072083879423329	300	2289
2287217	193894	0.8689384010484927916120576671	1989	2289
3021729	263385	0.1486796785304247990815154994	259	1742
2287217	263385	0.8513203214695752009184845006	1483	1742
3086764	579117	0.3987506507027589796980739198	766	1921
5663105	579117	0.0838105153565851119208745445	161	1921
2064776	579117	0.5174388339406559083810515357	994	1921
885571	6321020	0.1028571428571428571428571429	198	1925
2064776	6321020	0.8971428571428571428571428571	1727	1925
1343586	1554225	0.8170173833485818847209515096	893	1093
1308419	1554225	0.1829826166514181152790484904	200	1093
537041	1540362	0.4838709677419354838709677419	300	620
2693942	1540362	0.5161290322580645161290322581	320	620
367354	43038	0.0302297460701330108827085852	100	3308
622334	43038	0.9697702539298669891172914148	3208	3308
367354	43042	0.3327188940092165898617511521	2527	7595
3749747	43042	0.6672811059907834101382488479	5068	7595
427780	128141	0.2174250258531540847983453981	841	3868
1168355	128141	0.7825749741468459152016546019	3027	3868
427780	163546	0.197957989204656304870911101	3044	15377
2543375	163546	0.0422058919164986668400858425	649	15377
3585668	163546	0.0736814723288027573648956233	1133	15377
5757701	163546	0.1020355075762502438707160044	1569	15377
3279610	163546	0.2924497626325030890290693893	4497	15377
1168355	163546	0.0971580932561618000910450673	1494	15377
5667038	163546	0.1945112830851271379332769721	2991	15377
427780	560247	0.5238649592549476135040745052	450	859
738754	560247	0.4761350407450523864959254948	409	859
5080328	131243	0.3333333333333333333333333333	502	1506
289530	131243	0.6666666666666666666666666667	1004	1506
5654035	196738	0.2966966966966966966966966967	1482	4995
1921805	196738	0.5847847847847847847847847848	2921	4995
2127149	196738	0.0194194194194194194194194194	97	4995
2064776	196738	0.0990990990990990990990990991	495	4995
2693942	863261	0.3226381461675579322638146168	724	2244
5059655	863261	0.4986631016042780748663101604	1119	2244
2267641	863261	0.1786987522281639928698752228	401	2244
5539592	61961	0.6308539944903581267217630854	687	1089
5168773	61961	0.3691460055096418732782369146	402	1089
5539592	857541	0.2644376899696048632218844985	435	1645
738754	857541	0.7355623100303951367781155015	1210	1645
5575890	149485	0.5364906832298136645962732919	691	1288
406416	149485	0.4635093167701863354037267081	597	1288
5702140	30826778	0.2821192052980132450331125828	213	755
2051844	30826778	0.7178807947019867549668874172	542	755
5702140	44281905	0.0696774193548387096774193548	108	1550
377239	44281905	0.9303225806451612903225806452	1442	1550
3457031	202148	0.2347282347282347282347282347	488	2079
2267641	202148	0.7652717652717652717652717653	1591	2079
5534249	233566	0.5416666666666666666666666667	221	408
2768466	233566	0.4583333333333333333333333333	187	408
1315748	74420	0.4311294765840220385674931129	626	1452
335995	74420	0.5688705234159779614325068871	826	1452
3801417	74980	0.698937426210153482880755608	592	847
5595786	74980	0.301062573789846517119244392	255	847
1836419	124225	0.3100226500566251415628539071	1095	3532
1917072	124225	0.6899773499433748584371460929	2437	3532
3642477	284185	0.1304347826086956521739130435	30	230
3575561	284185	0.8695652173913043478260869565	200	230
776223	195229	0.21497061552737395607794618	695	3233
2281999	195229	0.3312712650788741107330652645	1071	3233
5514612	195229	0.4537581193937519331889885555	1467	3233
5485568	20574	0.2034883720930232558139534884	595	2924
354073	20574	0.0246238030095759233926128591	72	2924
5514612	20574	0.6709986320109439124487004104	1962	2924
565853	20574	0.1008891928864569083447332421	295	2924
5485568	7555453	0.4188010132282578103011539544	1488	3553
2693942	7555453	0.5811989867717421896988460456	2065	3553
506762	1371770	0.1025039123630672926447574335	262	2556
570025	1371770	0.6451486697965571205007824726	1649	2556
3233884	1371770	0.2523474178403755868544600939	645	2556
1236454	36764	0.3039513677811550151975683891	700	2303
3562743	36764	0.1793313069908814589665653495	413	2303
402862	36764	0.0303951367781155015197568389	70	2303
2309745	36764	0.0382110290924880590534085975	88	2303
881923	36764	0.1576204950065132435953104646	363	2303
3233884	36764	0.2904906643508467216673903604	669	2303
2287217	37355	0.454398708635996771589991929	563	1239
3233884	37355	0.545601291364003228410008071	676	1239
3855493	100401	0.3107903620067512513095099523	2670	8591
3527692	100401	0.6892096379932487486904900477	5921	8591
3837709	129714	0.7059544229355550110267091399	2881	4081
1208081	129714	0.2940455770644449889732908601	1200	4081
5504017	158106	0.3693017888055395268320830929	1920	5199
3527692	158106	0.6306982111944604731679169071	3279	5199
782550	4398686	0.096	120	1250
5352805	4398686	0.904	1130	1250
5765295	1436533	0.1014948859166011014948859166	258	2542
5193278	1436533	0.70692368214004720692368214	1797	2542
1261010	1436533	0.1915814319433516915814319434	487	2542
2287217	48041	0.163017031630170316301703163	134	822
3233884	48041	0.836982968369829683698296837	688	822
1312246	78609	0.1694124961143922909543052533	1090	6434
5595786	78609	0.3532794529064345663661796705	2273	6434
1179483	78609	0.4773080509791731426795150762	3071	6434
715627	11042	0.7075214749633354284517075215	3377	4773
5674533	11042	0.2924785250366645715482924785	1396	4773
715627	68891	0.1611047180667433831990794016	140	869
5674533	68891	0.8388952819332566168009205984	729	869
715627	8720771	0.2131367292225201072386058981	159	746
3476200	8720771	0.7868632707774798927613941019	587	746
3525806	109305	0.4269340974212034383954154728	298	698
1847511	109305	0.5730659025787965616045845272	400	698
2442758	399403	0.6630434782608695652173913043	549	828
2591734	399403	0.3369565217391304347826086957	279	828
2966809	169164	0.3672172808132147395171537484	289	787
5430363	169164	0.6327827191867852604828462516	498	787
5352805	1001647	0.5209509658246656760772659733	3506	6730
358459	1001647	0.1187221396731054977711738484	799	6730
739886	1001647	0.1252600297176820208023774146	843	6730
3813141	1001647	0.2350668647845468053491827637	1582	6730
5352805	7025231	0.4335260115606936416184971098	450	1038
3307045	7025231	0.5664739884393063583815028902	588	1038
1210270	746479	0.8263027295285359801488833747	999	1209
2693942	746479	0.1736972704714640198511166253	210	1209
365350	7439	0.9112980309692219460906136494	4767	5231
776223	7439	0.0887019690307780539093863506	464	5231
5534249	2281670	0.5027322404371584699453551913	276	549
2768466	2281670	0.4972677595628415300546448087	273	549
5534249	78924820	0.0543246348268504841621532907	331	6093
2693942	78924820	0.8734613490891186607582471689	5322	6093
693490	78924820	0.0722140160840308550795995405	440	6093
1160758	188415	0.6311907270811380400421496312	599	949
3679560	188415	0.3688092729188619599578503688	350	949
1861784	503616	0.8528784648187633262260127932	400	469
1308419	503616	0.1471215351812366737739872068	69	469
3027863	2279438	0.5399568034557235421166306695	250	463
796937	2279438	0.4600431965442764578833693305	213	463
3027863	507478	0.0280269058295964125560538117	100	3568
1847511	507478	0.9719730941704035874439461883	3468	3568
3723977	66271	0.714387974230493915533285612	998	1397
2591734	66271	0.285612025769506084466714388	399	1397
3709910	3401698	0.7089804186360567184334908845	1050	1481
3540306	3401698	0.2910195813639432815665091155	431	1481
5477890	3297630	0.4048081593006313744536182613	1667	4118
1261010	3297630	0.1255463817387081107333657115	517	4118
377239	3297630	0.4696454589606605148130160272	1934	4118
800608	296283	0.7098646034816247582205029014	734	1034
5457618	296283	0.2901353965183752417794970986	300	1034
800608	43901	0.5471669680530440024110910187	7262	13272
5159098	43901	0.3626431585292344786015672092	4813	13272
2023165	43901	0.0901898734177215189873417722	1197	13272
2964992	101948	0.3899963754983689742660384197	1076	2759
526648	101948	0.1087350489307720188474084813	300	2759
1076972	101948	0.5012685755708590068865530989	1383	2759
526648	153845	0.0343228200371057513914656772	148	4312
5272978	153845	0.1544526901669758812615955473	666	4312
3385782	153845	0.5533395176252319109461966605	2386	4312
1154828	153845	0.257884972170686456400742115	1112	4312
1846227	28774	0.7936016511867905056759545924	2307	2907
351897	28774	0.2063983488132094943240454076	600	2907
1041784	58448	0.5377475247524752475247524752	869	1616
506944	58448	0.4622524752475247524752475248	747	1616
5646968	109225	0.4141392101243726816495745145	1898	4583
694263	109225	0.3043857735108007855116735763	1395	4583
5430363	109225	0.2814750163648265328387519092	1290	4583
2693942	15071349	0.545	545	1000
2165223	15071349	0.455	455	1000
2693942	40760435	0.5077058564509026860413914575	1153	2271
5059655	40760435	0.4922941435490973139586085425	1118	2271
2693942	4972587	0.6366950182260024301336573512	1572	2469
1084392	4972587	0.3633049817739975698663426488	897	2469
2693942	515632	0.2484237074401008827238335435	197	793
2267641	515632	0.7515762925598991172761664565	596	793
2061690	200725	0.5354535974973931178310740355	1027	1918
824562	200725	0.4645464025026068821689259645	891	1918
3679560	195599	0.4740740740740740740740740741	448	945
387139	195599	0.5259259259259259259259259259	497	945
3679560	198100	0.5026138909634055265123226288	673	1339
387139	198100	0.4973861090365944734876773712	666	1339
1201818	36956	0.7261663286004056795131845842	358	493
565853	36956	0.2738336713995943204868154158	135	493
5431303	168342	0.3321145642900670322973796466	545	1641
881923	168342	0.6678854357099329677026203534	1096	1641
5457618	633855	0.5566502463054187192118226601	226	406
2023165	633855	0.4433497536945812807881773399	180	406
776223	518212	0.5268703898840885142255005269	500	949
3167541	518212	0.4731296101159114857744994731	449	949
589327	2229561	0.3670886075949367088607594937	174	474
424411	2229561	0.6329113924050632911392405063	300	474
838485	491335	0.2361111111111111111111111111	68	288
551855	491335	0.7638888888888888888888888889	220	288
5728995	11000	0.1834916864608076009501187648	309	1684
3476200	11000	0.8165083135391923990498812352	1375	1684
1057979	156649	0.533751962323390894819466248	680	1274
3180674	156649	0.466248037676609105180533752	594	1274
3871577	1649017	0.2496863237139272271016311167	199	797
3307045	1649017	0.7503136762860727728983688833	598	797
2382329	198998	0.2416413373860182370820668693	318	1316
1028376	198998	0.7583586626139817629179331307	998	1316
563935	481237	0.4965174129353233830845771144	499	1005
310535	481237	0.5034825870646766169154228856	506	1005
3501782	91999	0.5302171559574603578933961663	8326	15703
3472540	91999	0.1130994077564796535693816468	1776	15703
5716277	91999	0.3566834362860599885372221868	5601	15703
1224755	241851	0.4745762711864406779661016949	168	354
2949632	241851	0.5254237288135593220338983051	186	354
1224755	288908	0.156028368794326241134751773	220	1410
728287	288908	0.843971631205673758865248227	1190	1410
2061690	47827	0.2271704903283850652271704903	1515	6669
488062	47827	0.5344129554655870445344129555	3564	6669
3659435	47827	0.2384165542060278902384165542	1590	6669
5459018	389909	0.5956864087641218760698390962	1740	2921
1201818	389909	0.4043135912358781239301609038	1181	2921
728287	263400	0.0836756060239993557219940404	1039	12417
335995	263400	0.9163243939760006442780059596	11378	12417
5488097	101546	0.0194118028955398299032655976	299	15403
5076006	101546	0.2256703239628643770694020645	3476	15403
991457	101546	0.0445367785496331883399337791	686	15403
332415	101546	0.7103810945919626046873985587	10942	15403
2522060	562042	0.0640569395017793594306049822	378	5901
450461	562042	0.4917810540586341298085070327	2902	5901
506944	562042	0.4441620064395865107608879851	2621	5901
824562	684054	0.6273684210526315789473684211	596	950
625201	684054	0.3726315789473684210526315789	354	950
2287217	8509376	0.4299610894941634241245136187	221	514
443822	8509376	0.5700389105058365758754863813	293	514
402862	195351	0.6677762982689747003994673768	1003	1502
3723977	195351	0.3322237017310252996005326232	499	1502
776223	136433	0.7635491606714628297362110312	1592	2085
5514612	136433	0.2364508393285371702637889688	493	2085
5824054	53560	0.363306085376930063578564941	400	1101
776223	53560	0.541326067211625794732061762	596	1101
565853	53560	0.095367847411444141689373297	105	1101
5668798	1229196	0.695131375579598145285935085	1799	2588
377571	1229196	0.304868624420401854714064915	789	2588
443822	270223	0.2780141843971631205673758865	196	705
5571906	270223	0.7219858156028368794326241135	509	705
443822	610742	0.0874343048256091734352603918	183	2093
5571906	610742	0.9125656951743908265647396082	1910	2093
5708722	111873	0.333123028391167192429022082	528	1585
3021585	111873	0.3022082018927444794952681388	479	1585
3733708	111873	0.2075709779179810725552050473	329	1585
280232	111873	0.1570977917981072555205047319	249	1585
5708722	638012	0.8624484181568088033012379642	1881	2181
3021585	638012	0.1375515818431911966987620358	300	2181
3733708	172508	0.7796208530805687203791469194	658	844
2591734	172508	0.2203791469194312796208530806	186	844
5634437	57214	0.2102974186307519640852974186	1499	7128
5821938	57214	0.2052469135802469135802469136	1463	7128
611911	57214	0.5844556677890011223344556678	4166	7128
2165223	146790	0.2352168199737187910643889619	358	1522
2485987	146790	0.7647831800262812089356110381	1164	1522
5297087	1175917	0.3759765625	385	1024
2169512	1175917	0.4697265625	481	1024
5694378	1175917	0.154296875	158	1024
5297087	12069936	0.1417069243156199677938808374	88	621
2169512	12069936	0.8582930756843800322061191626	533	621
5297087	1313194	0.4016949152542372881355932203	237	590
2135282	1313194	0.5983050847457627118644067797	353	590
5297087	1361901	0.1262748006675319859076580753	681	5393
2169512	1361901	0.7648804005191915445948451697	4125	5393
2135282	1361901	0.1088447988132764694974967551	587	5393
5297087	1362486	0.3195299384443200895355344152	1142	3574
2169512	1362486	0.5749860100727476217123670957	2055	3574
2135282	1362486	0.0699496362618914381645215445	250	3574
2902700	1362486	0.0355344152210408505875769446	127	3574
5297087	152566	0.5041322314049586776859504132	427	847
3501782	152566	0.4958677685950413223140495868	420	847
5297087	167612	0.267090139140955837870538415	883	3306
2169512	167612	0.5490018148820326678765880218	1815	3306
2135282	167612	0.130369026013309134906231095	431	3306
5694378	167612	0.0535390199637023593466424682	177	3306
5297087	278189199	0.8260517799352750809061488673	3063	3708
5694378	278189199	0.1739482200647249190938511327	645	3708
5297087	28162183	0.5511811023622047244094488189	140	254
2135282	28162183	0.4488188976377952755905511811	114	254
5297087	319541979	0.255911718339464004203888597	487	1903
2169512	319541979	0.744088281660535995796111403	1416	1903
5297087	3711089	0.8122009569377990430622009569	679	836
2135282	3711089	0.1877990430622009569377990431	157	836
5297087	4381727	0.4427244582043343653250773994	143	323
2135282	4381727	0.5572755417956656346749226006	180	323
5297087	62894096	0.3653846153846153846153846154	38	104
2169512	62894096	0.6346153846153846153846153846	66	104
1154828	164233	0.1560693641618497109826589595	54	346
2248889	164233	0.8439306358381502890173410405	292	346
2964710	41369	0.0790762771168649405178446466	113	1429
5621369	41369	0.4170748775367389783065080476	596	1429
3385782	41369	0.5038488453463960811756473058	720	1429
1236454	1371868	0.6664388243335611756664388243	975	1463
1168355	1371868	0.3335611756664388243335611757	488	1463
351897	327856	0.099009900990099009900990099	160	1616
3724759	327856	0.900990099009900990099009901	1456	1616
5488097	1063245	0.8588283157038242473555736371	2111	2458
5728116	1063245	0.1411716842961757526444263629	347	2458
5488097	1166837	0.6032388663967611336032388664	596	988
3663051	1166837	0.3967611336032388663967611336	392	988
5848606	544233	0.0978260869565217391304347826	81	828
783598	544233	0.9021739130434782608695652174	747	828
5488097	674533	0.2961956521739130434782608696	327	1104
3663051	674533	0.5362318840579710144927536232	592	1104
5297387	674533	0.1675724637681159420289855072	185	1104
625201	10928077	0.4962779156327543424317617866	200	403
5769709	10928077	0.5037220843672456575682382134	203	403
3180674	16705	0.8758205689277899343544857768	1601	1828
2165223	16705	0.1241794310722100656455142232	227	1828
738754	120330	0.4679572763684913217623497997	701	1498
2592466	120330	0.5320427236315086782376502003	797	1498
5076006	653182	0.4615662215806568025983399495	1279	2771
332415	653182	0.5384337784193431974016600505	1492	2771
776223	192388	0.1548311990686845168800931315	399	2577
5425572	192388	0.6736515327900659681800543267	1736	2577
5514612	192388	0.1715172681412495149398525417	442	2577
354073	20572	0.1489361702127659574468085106	70	470
565853	20572	0.6191489361702127659574468085	291	470
2591734	20572	0.2319148936170212765957446809	109	470
776223	280228	0.7801950487621905476369092273	1040	1333
2172099	280228	0.2198049512378094523630907727	293	1333
2281999	487497	0.7187141216991963260619977038	626	871
659187	487497	0.2812858783008036739380022962	245	871
5587936	7457	0.2533381712626995645863570392	3491	13780
3167541	7457	0.7466618287373004354136429608	10289	13780
3562743	346309	0.4427123928293063133281371785	568	1283
570025	346309	0.2174590802805923616523772408	279	1283
1815580	346309	0.3398285268901013250194855807	436	1283
3705989	12129	0.0194608809993425378040762656	148	7605
5272978	12129	0.9805391190006574621959237344	7457	7605
3749747	43121	0.5604982206405693950177935943	315	562
2309963	43121	0.4395017793594306049822064057	247	562
1824523	1259970	0.3363844393592677345537757437	294	874
1208081	1259970	0.6636155606407322654462242563	580	874
659187	311508	0.929221435793731041456016178	919	989
5317714	311508	0.070778564206268958543983822	70	989
3540306	2509415	0.6869158878504672897196261682	735	1070
2051844	2509415	0.3130841121495327102803738318	335	1070
5251156	169834	0.247813411078717201166180758	85	343
310535	169834	0.752186588921282798833819242	258	343
236859	90737	0.9403998491135420596001508865	7479	7953
332415	90737	0.0596001508864579403998491135	474	7953
1041784	407070	0.5221482339316734221192819919	3607	6908
506944	407070	0.4778517660683265778807180081	3301	6908
1041784	6296348	0.785127539991353220925205361	1816	2313
506944	6296348	0.214872460008646779074794639	497	2313
852639	182525	0.8385547201336675020885547201	12045	14364
5253939	182525	0.1278891673628515733778891674	1837	14364
1237028	182525	0.0335561125034809245335561125	482	14364
5432869	2230556	0.5904623225336730979250091008	1622	2747
1261085	2230556	0.4095376774663269020749908992	1125	2747
2169512	4193901	0.8763029881862404447533009034	1261	1439
5694378	4193901	0.1236970118137595552466990966	178	1439
5728798	169166	0.1498929336188436830835117773	70	467
1084392	169166	0.8501070663811563169164882227	397	467
