2667893	171623	0.3506684398404143627073563379	5010	14287
3510836	171623	0.5441310282074613284804367607	7774	14287
2972669	171623	0.0487156155945964863162315392	696	14287
5612057	171623	0.0564849163575278224959753622	807	14287
5686249	47194	0.0577139007410734336402425331	514	8906
5694812	47194	0.0561419267909274646305861217	500	8906
5512019	47194	0.0152706040871322703795194251	136	8906
1837869	47194	0.0629912418594206153155176286	561	8906
5439463	47194	0.0194251066696609027621827981	173	8906
5673007	47194	0.1552885695037053671682012127	1383	8906
1336681	47194	0.0088704244329665394116326072	79	8906
5721139	47194	0.1450707388277565686054345385	1292	8906
5745020	47194	0.0609701324949472265888165282	543	8906
5836900	47194	0.0448012575791601167752077251	399	8906
5070274	47194	0.11161015046036379968560521	994	8906
2276159	47194	0.020772512912643161913316865	185	8906
5367549	47194	0.055805075230181899842802605	497	8906
5751616	47194	0.0666966090276218279811363126	594	8906
2449088	47194	0.1185717493824388052997978891	1056	8906
3510836	660395	0.770871985157699443413729128	831	1078
2972669	660395	0.229128014842300556586270872	247	1078
2668882	104738	0.0756880733944954128440366972	33	436
3020400	104738	0.3233944954128440366972477064	141	436
2276159	104738	0.3715596330275229357798165138	162	436
5698312	104738	0.2293577981651376146788990826	100	436
2464449	110121	0.0002892289337394589611258236	96	331917
5107063	110121	0.0017986424316922604145012157	597	331917
3580973	110121	0.0191192376407354850760882992	6346	331917
5694812	110121	0.0135184398509265870684538605	4487	331917
5215871	110121	0.0178237330416941584793788809	5916	331917
1001492	110121	0.0181310387837923336255750685	6018	331917
1927577	110121	0.0065648942356070945447205175	2179	331917
5232083	110121	0.0006296754911619471132843452	209	331917
3515061	110121	0.0337011963834332076995152403	11186	331917
1837869	110121	0.0009038404179358092535181988	300	331917
3645096	110121	0.048539243244546076278105671	16111	331917
2658411	110121	0.0057333610511061500314837746	1903	331917
3423071	110121	0.0149675973210170012382613726	4968	331917
5485727	110121	0.0013256326129725202384933583	440	331917
1955099	110121	0.0040522178737455448199399247	1345	331917
3058200	110121	0.0165191900384734737901342806	5483	331917
3583716	110121	0.0043534980130574812377793243	1445	331917
3510836	110121	0.0322008212896597643386750302	10688	331917
2433502	110121	0.0151182373906729694471810724	5018	331917
5412244	110121	0.0047692646053079534943976958	1583	331917
5836900	110121	0.0017715272191541861368956697	588	331917
5612057	110121	0.0026060732050482500143108066	865	331917
3020400	110121	0.0032899791212863456828062437	1092	331917
2467375	110121	0.0018046680344784991428580037	599	331917
5424780	110121	0.005383876089504303786790071	1787	331917
521198	110121	0.1452652319706432632254449154	48216	331917
5290733	110121	0.547742357276066004452920459	181805	331917
1336985	110121	0.0031815182711340485723840599	1056	331917
504172	110121	0.0064232925701304844283359997	2132	331917
3515322	110121	0.0053447096713937520524709491	1774	331917
1237481	110121	0.0153381718923706830322038341	5091	331917
3055570	110121	0.0017896040275129023219660337	594	331917
3580973	110168	0.0132180048266751293386569444	1791	135497
5694812	110168	0.0529089204927046355269858373	7169	135497
2019192	110168	0.0276094673682812165583001838	3741	135497
1927577	110168	0.019793796172608987652863163	2682	135497
5565746	110168	0.0007380237200823634471611918	100	135497
783431	110168	0.022125951128069256145892529	2998	135497
3515061	110168	0.0419566484866823619711137516	5685	135497
3651650	110168	0.0045609865901090061034561651	618	135497
1159477	110168	0.0107161044155959172527805044	1452	135497
2166919	110168	0.0184063115788541443722001225	2494	135497
5697221	110168	0.06646641623061765205133693	9006	135497
2658411	110168	0.0018081581142017904455449198	245	135497
3423071	110168	0.0221111906536676088769493052	2996	135497
5837845	110168	0.0076902071632582271194196181	1042	135497
3480360	110168	0.0102659099463456755500121774	1391	135497
1955099	110168	0.0041772142556661771109323454	566	135497
1336681	110168	0.0008561075152955415987069824	116	135497
2433502	110168	0.002509280648280035720348052	340	135497
2854285	110168	0.0185317756112681461582175251	2511	135497
5745020	110168	0.0011513170033284869775714591	156	135497
5169441	110168	0.07416400363107670280522816	10049	135497
3020400	110168	0.1004376480660088415241665867	13609	135497
3668701	110168	0.0021328885510380303622958442	289	135497
5070274	110168	0.0132622862498800711454866159	1797	135497
700607	110168	0.0179708775840055499383750194	2435	135497
521198	110168	0.2944419433640597208794290649	39896	135497
2240070	110168	0.0051145043801707786888270589	693	135497
2173627	110168	0.0098673771375011992885451338	1337	135497
2276159	110168	0.008509413492549650545768541	1153	135497
5752173	110168	0.0021919304486446194380687395	297	135497
5668865	110168	0.0021993106858454430725403514	298	135497
2050512	110168	0.0100961644907267319571651033	1368	135497
1253612	110168	0.0107825265504033299630250116	1461	135497
3515322	110168	0.0783633585983453508195753412	10618	135497
1237481	110168	0.0049521391617526587304515967	671	135497
2200390	110168	0.017911835686398960862602124	2427	135497
5107063	110232	0.0053590568060021436227224009	300	55980
3580973	110232	0.0274026438013576277241872097	1534	55980
1927577	110232	0.0026616648803143979992854591	149	55980
1159477	110232	0.035494819578420864594498035	1987	55980
5439463	110232	0.0030367988567345480528760272	170	55980
1955099	110232	0.0027688460164344408717399071	155	55980
2667893	110232	0.0233833511968560200071454091	1309	55980
3583716	110232	0.0532332976062879599857091819	2980	55980
3561226	110232	0.0054305108967488388710253662	304	55980
2854285	110232	0.0451232583065380493033226152	2526	55980
5836900	110232	0.0035727045373347624151482672	200	55980
5612057	110232	0.0132725973561986423722758128	743	55980
521198	110232	0.5401214719542693819221150411	30236	55980
2276159	110232	0.0009110396570203644158628081	51	55980
1253612	110232	0.0530010718113612004287245445	2967	55980
3515322	110232	0.0644694533762057877813504823	3609	55980
5772785	110232	0.0321543408360128617363344051	1800	55980
2200390	110232	0.0886030725259021078956770275	4960	55980
2464449	172685	0.0403225806451612903225806452	475	11780
5750127	172685	0.0152801358234295415959252971	180	11780
720643	172685	0.212478777589134125636672326	2503	11780
5170102	172685	0.4498302207130730050933786078	5299	11780
700607	172685	0.2363327674023769100169779287	2784	11780
3812501	172685	0.0457555178268251273344651952	539	11780
2464449	172686	0.4879043801889493272258803321	6817	13972
5750127	172686	0.0255511022044088176352705411	357	13972
720643	172686	0.0571142284569138276553106212	798	13972
5170102	172686	0.325579730890352132837102777	4549	13972
700607	172686	0.0298454050959060979101059261	417	13972
3812501	172686	0.0740051531634697967363298025	1034	13972
2668882	32683	0.2457466918714555765595463138	130	529
2959441	32683	0.7542533081285444234404536862	399	529
2464449	47332	0.0028034289175805985813804422	398	141969
1927577	47332	0.0018877360550542724115828103	268	141969
5769501	47332	0.0020920060013101451725376667	297	141969
5439463	47332	0.0844761884636786904183307623	11993	141969
3058200	47332	0.0338031542097218406835295029	4799	141969
2667893	47332	0.0106995189090576111686354063	1519	141969
3176928	47332	0.0020004367150575125555579035	284	141969
3027302	47332	0.0064168938289344856975818665	911	141969
5424780	47332	0.0037261655713571272601765174	529	141969
2667737	47332	0.0035148518338510519902232177	499	141969
5290733	47332	0.8485796194943966640604639041	120472	141969
1360497	48137	0.0968743933216851096874393322	499	5151
2852752	48137	0.1164822364589400116482236459	600	5151
3543293	48137	0.0625121335662978062512133566	322	5151
5854991	48137	0.0485342651912250048534265191	250	5151
5412244	48137	0.0772665501844302077266550184	398	5151
3046356	48137	0.0291205591147350029120559115	150	5151
3668701	48137	0.048145991069695204814599107	248	5151
2467375	48137	0.0184430207726655018443020773	95	5151
3440292	48137	0.2407299553484760240729955348	1240	5151
5695972	48137	0.0471753057658707047175305766	243	5151
5752173	48137	0.0966802562609202096680256261	498	5151
5672375	48137	0.1180353329450592118035332945	608	5151
3480360	98792	0.3579442634817227651103872602	989	2763
5290733	98792	0.5410785378212088309808179515	1495	2763
5672375	98792	0.1009771986970684039087947883	279	2763
1360497	140766	0.0633211998520623673914312966	3253	51373
2852752	140766	0.0504739843886866642010394565	2593	51373
1001492	140766	0.0084090864851186420882564771	432	51373
1927577	140766	0.0449847195997897728378720339	2311	51373
5122268	140766	0.0114846320051388861853502813	590	51373
5634909	140766	0.0037179062931890292566133961	191	51373
3515061	140766	0.0523621357522433963365970451	2690	51373
5320506	140766	0.0019076168415315438070581823	98	51373
2166919	140766	0.0072216923286551301267202616	371	51373
3480360	140766	0.0058396433924435014501781091	300	51373
3561226	140766	0.0188036517236680746695735114	966	51373
3510836	140766	0.0330718470792050298795086913	1699	51373
2972669	140766	0.0064041422537130399236953263	329	51373
5641609	140766	0.3278181145738033597414984525	16841	51373
3046356	140766	0.0029198216962217507250890546	150	51373
5169441	140766	0.013625834582368170050415588	700	51373
5269478	140766	0.0037763027271134642711151772	194	51373
5695972	140766	0.0077472602339750452572362914	398	51373
5752173	140766	0.0519922916707219745780857649	2671	51373
5668865	140766	0.0048079730597784828606466432	247	51373
5672375	140766	0.0615303758783796936133766765	3161	51373
2050512	140766	0.0032702002997683608120997411	168	51373
2959441	140766	0.0495201759679208922975103654	2544	51373
504172	140766	0.0131586631109726899344013392	676	51373
2449088	140766	0.0180055671267007961380491698	925	51373
3055570	140766	0.0011484632005138886185350281	59	51373
2200390	140766	0.1326766978763163529480466393	6816	51373
5807058	35166	0.4490196078431372549019607843	5038	11220
3186539	35166	0.5509803921568627450980392157	6182	11220
881279	110207	0.1924686192468619246861924686	1702	8843
5320506	110207	0.0676241094651136492140676241	598	8843
2972669	110207	0.0135700554110595951600135701	120	8843
5633761	110207	0.0160578989030871876060160579	142	8843
3046356	110207	0.1126314599117946398281126315	996	8843
3668701	110207	0.0507746239963813185570507746	449	8843
3451491	110207	0.0185457423951147800520185457	164	8843
5668865	110207	0.5283274906705869048965283275	4672	8843
5107063	1314723	0.375	807	2152
5070274	1314723	0.625	1345	2152
5107063	141262	0.9148066645708896573404589752	2910	3181
3020400	141262	0.0851933354291103426595410248	271	3181
3580973	142002	0.2562861368831518085249428533	3812	14874
5694812	142002	0.0670969476939626193357536641	998	14874
3515061	142002	0.1980637353771682129891085115	2946	14874
5485727	142002	0.0584240957375285733494688719	869	14874
5169441	142002	0.1598090627941374210030926449	2377	14874
5070274	142002	0.2348393169288691676751378244	3493	14874
2449088	142002	0.02548070458518219712249563	379	14874
3580973	142004	0.0505076142131979695431472081	1990	39400
5694812	142004	0.0888578680203045685279187817	3501	39400
3543293	142004	0.0974111675126903553299492386	3838	39400
3515061	142004	0.187563451776649746192893401	7390	39400
5485727	142004	0.0164213197969543147208121827	647	39400
5432336	142004	0.0355076142131979695431472081	1399	39400
5169441	142004	0.192690355329949238578680203	7592	39400
5070274	142004	0.1008883248730964467005076142	3975	39400
5347651	142004	0.1622081218274111675126903553	6391	39400
504172	142004	0.002436548223350253807106599	96	39400
2449088	142004	0.0655076142131979695431472081	2581	39400
5107063	142005	0.0761835762253740908964248892	2734	35887
5694812	142005	0.0834006743388970936550840137	2993	35887
3543293	142005	0.1912113021428372391116560314	6862	35887
3020400	142005	0.524089503162705157856605456	18808	35887
5070274	142005	0.1100119820547830690779390866	3948	35887
2449088	142005	0.015102962075403349402290523	542	35887
5107063	1624363	0.2140300644237652111667859699	299	1397
5485727	1624363	0.7859699355762347888332140301	1098	1397
5107063	252226	0.2831439393939393939393939394	299	1056
3457395	252226	0.7168560606060606060606060606	757	1056
1992442	485009	0.8916334661354581673306772908	2238	2510
5668865	485009	0.1083665338645418326693227092	272	2510
5744173	75176	0.0753784610557690799278374774	961	12749
3543293	75176	0.0737312730410228253196329124	940	12749
5320506	75176	0.0240018825005882814338379481	306	12749
3651650	75176	0.0486312651972703741469919209	620	12749
637434	75176	0.0235312573535179229743509295	300	12749
2166919	75176	0.0458859518393599497999843125	585	12749
3480360	75176	0.034355635736136167542552357	438	12749
5673007	75176	0.2095850654953329672915522786	2672	12749
3058200	75176	0.0141187544121107537846105577	180	12749
5745020	75176	0.0078437524511726409914503098	100	12749
5457074	75176	0.0464350145109420346693858342	592	12749
5070274	75176	0.0392187622558632049572515491	500	12749
5584496	75176	0.0187465683583026119695662405	239	12749
5274878	75176	0.0229821946819358381049494078	293	12749
5698312	75176	0.3121029100321593850498078281	3979	12749
5610966	75176	0.0034512510785159620362381363	44	12749
2019192	75980	0.8532404927691483663631494376	1593	1867
2200390	75980	0.1467595072308516336368505624	274	1867
877156	509012	0.1803874092009685230024213075	1043	5782
5803576	509012	0.8196125907990314769975786925	4739	5782
2852752	2011722	0.4826407353946668692547291651	6353	13163
2668882	2011722	0.0074451112968168350679936185	98	13163
5673007	2011722	0.0216515991795183468814100129	285	13163
5666686	2011722	0.0214236876092076274405530654	282	13163
5269478	2011722	0.0251462432576160449745498746	331	13163
5695972	2011722	0.0212717465623338144799817671	280	13163
5471836	2011722	0.271138798146319228139481881	3569	13163
5668865	2011722	0.045202461444959355769961255	595	13163
5672375	2011722	0.0419357289371723771176783408	552	13163
5637085	2011722	0.0621438881713895008736610195	818	13163
5565746	4102190	0.5233333333333333333333333333	157	300
5854991	4102190	0.4766666666666666666666666667	143	300
881279	5041465	0.0801432257385077141804012427	1522	18991
2019192	5041465	0.0131641303775472592280553947	250	18991
1927577	5041465	0.0627139171186351429624559002	1191	18991
2166919	5041465	0.0399662998262334790163761782	759	18991
5439463	5041465	0.2545416249802538044336791112	4834	18991
5432336	5041465	0.0445474171976199252277394555	846	18991
2667893	5041465	0.0235374651150544994997630457	447	18991
5097156	5041465	0.2686009162234742772892422727	5101	18991
5412244	5041465	0.0102680216944868621978832078	195	18991
3451491	5041465	0.0312253172555420988889473961	593	18991
5698312	5041465	0.0147964825443631193723342636	281	18991
2050512	5041465	0.0841451213732820809857300827	1598	18991
5671375	5041465	0.0286978042230530251171607604	545	18991
5751616	5041465	0.0105313043020378073824443157	200	18991
1237481	5041465	0.0183771260070559738823653309	349	18991
2200390	5041465	0.014743826022852930335422042	280	18991
881279	79776	0.5772749157438613384689455946	2398	4154
2630983	79776	0.0842561386615310544053923929	350	4154
2276159	79776	0.3384689455946076071256620125	1406	4154
5769501	79781	0.1574512901527119536598209584	598	3798
5615715	79781	0.4373354397051079515534491838	1661	3798
3583716	79781	0.3259610321221695629278567667	1238	3798
2276159	79781	0.0792522380200105318588730911	301	3798
799858	159844	0.0156755550596898359924132545	281	17926
1837869	159844	0.7166685261631150284502956599	12847	17926
3645096	159844	0.1557514225147829967644761799	2792	17926
479880	159844	0.1119044962624121387928149057	2006	17926
1837869	159845	0.4652631578947368421052631579	1105	2375
5244726	159845	0.5103157894736842105263157895	1212	2375
675319	159845	0.0244210526315789473684210526	58	2375
2852752	625621	0.7689922480620155038759689922	992	1290
2240070	625621	0.2310077519379844961240310078	298	1290
5694812	71251	0.2823263692828910220214568041	1000	3542
5477980	71251	0.0544889892715979672501411632	193	3542
2019192	71251	0.1256352343308865047995482778	445	3542
5837845	71251	0.3421795595708639186900056465	1212	3542
5721139	71251	0.0508187464709203839638622247	180	3542
2854285	71251	0.0609824957651044607566346697	216	3542
5584496	71251	0.083568605307735742518351214	296	3542
1927577	90191	0.046465968586387434554973822	213	4584
686883	90191	0.195244328097731239092495637	895	4584
3510836	90191	0.0866055846422338568935427574	397	4584
2467375	90191	0.0325043630017452006980802792	149	4584
5274878	90191	0.0318499127399650959860383944	146	4584
1336985	90191	0.0549738219895287958115183246	252	4584
5672375	90191	0.3348603839441535776614310646	1535	4584
3515322	90191	0.2174956369982547993019197208	997	4584
2851057	104737	0.20639927895448400180261379	458	2219
5400507	104737	0.0450653447498873366381252817	100	2219
5850796	104737	0.6182965299684542586750788644	1372	2219
2526421	104737	0.130238846327174402884182064	289	2219
794953	145563	0.8592375366568914956011730205	586	682
5792205	145563	0.1407624633431085043988269795	96	682
5557564	155639	0.2562743018734535171438670908	1450	5658
983810	155639	0.1679038529515729939908094733	950	5658
5594128	155639	0.5415341109932838458819370802	3064	5658
5734470	155639	0.0342877341816896429833863556	194	5658
5557564	159821	0.3548824593128390596745027125	5495	15484
5594128	159821	0.6451175406871609403254972875	9989	15484
794953	166519	0.9071232434178646422225811662	5616	6191
5536804	166519	0.0245517686964949119689872395	152	6191
2851057	166519	0.0683249878856404458084315942	423	6191
5557564	34757	0.1478167260983650676175738411	2197	14863
5645836	34757	0.0260378120164166049922626657	387	14863
5734470	34757	0.0022202785440355244567045684	33	14863
1813073	34757	0.2004978806432079660902913275	2980	14863
3186539	34757	0.6234273026979748368431675974	9266	14863
5594128	357836	0.4766023166023166023166023166	3086	6475
3186539	357836	0.5233976833976833976833976834	3389	6475
794953	436897	0.2975532754538279400157853197	377	1267
2851057	436897	0.5509076558800315706393054459	698	1267
3000221	436897	0.1515390686661404893449092344	192	1267
5757443	501816	0.0488346281908990011098779134	44	901
5183924	501816	0.1653718091009988901220865705	149	901
5517297	501816	0.3529411764705882352941176471	318	901
3724869	501816	0.432852386237513873473917869	390	901
794953	58673	0.8892399508513252589081972968	5066	5697
5536804	58673	0.1107600491486747410918027032	631	5697
794953	779192	0.6027178257394084732214228617	1508	2502
5805025	779192	0.3972821742605915267785771383	994	2502
5557564	781424	0.0803527278720949398384704137	975	12134
5807058	781424	0.1403494313499258282511949893	1703	12134
5594128	781424	0.2580352727872094939838470414	3131	12134
1813073	781424	0.1129882973462996538651722433	1371	12134
3186539	781424	0.4082742706444700840613153123	4954	12134
1099371	588382	0.0080793032317212926885170754	141	17452
5783619	588382	0.3426541370616548246619298648	5980	17452
1941594	588382	0.1116204446481778592711437085	1948	17452
2050512	588382	0.5376461150584460233784093514	9383	17452
1360497	546350	0.1970743600162535554652580252	485	2461
5634909	546350	0.0983340105648110524177163755	242	2461
3510836	546350	0.2133279154815115806582689963	525	2461
5534259	546350	0.491263713937423811458756603	1209	2461
1360497	578421	0.9597978272236100621623191774	16521	17213
5534259	578421	0.0232382501597629698483704177	400	17213
5772785	578421	0.0169639226166269679893104049	292	17213
1364107	1371847	0.0628723539105083026999619724	496	7889
5454775	1371847	0.063379389022689821270122956	500	7889
5485727	1371847	0.1100266193433895297249334516	868	7889
5783619	1371847	0.2580808721003929522119406769	2036	7889
3451491	1371847	0.0836607935099505640765623019	660	7889
3112861	1371847	0.1917860311826593991633920649	1513	7889
1990526	1371847	0.2086449486626948916212447712	1646	7889
3055570	1371847	0.021548992267714539231841805	170	7889
5097156	140767	0.8988713318284424379232505643	1991	2215
5783619	140767	0.1011286681715575620767494357	224	2215
1364107	68032	0.6063394683026584867075664622	593	978
2658411	68032	0.3936605316973415132924335378	385	978
1364107	79119	0.1207729468599033816425120773	50	414
5502823	79119	0.8792270531400966183574879227	364	414
2852752	58592	0.1983950066874721355327686135	445	2243
5673007	58592	0.1275078020508247882300490415	286	2243
3561226	58592	0.0312082032991529201961658493	70	2243
5347651	58592	0.4453856442264823896567097637	999	2243
5472013	58592	0.1975033437360677663843067321	443	2243
5485727	6726684	0.2727272727272727272727272727	219	803
5805606	6726684	0.7272727272727272727272727273	584	803
2852752	8399501	0.8798219584569732937685459941	593	674
3176928	8399501	0.1201780415430267062314540059	81	674
2852752	902027	0.1765455704270235818992989165	554	3138
3451491	902027	0.8234544295729764181007010835	2584	3138
3440292	15346108	0.4562747688243064729194187583	1727	3785
5424780	15346108	0.0441215323645970937912813738	167	3785
5290733	15346108	0.4996036988110964332892998679	1891	3785
5565746	2895082	0.0200264308224052048388736403	197	9837
5290733	2895082	0.9799735691775947951611263597	9640	9837
5477980	5559337	0.7721518987341772151898734177	122	158
3561226	5559337	0.2278481012658227848101265823	36	158
5477980	71262	0.0771929824561403508771929825	198	2565
5855051	71262	0.1656920077972709551656920078	425	2565
5412244	71262	0.077582846003898635477582846	199	2565
5698312	71262	0.6795321637426900584795321637	1743	2565
5489006	174479	0.3281690140845070422535211268	233	710
5400507	174479	0.0619718309859154929577464789	44	710
5792205	174479	0.4239436619718309859154929577	301	710
3186539	174479	0.1859154929577464788732394366	132	710
1001492	75208	0.4157923799006073992269464384	2259	5433
5805606	75208	0.0417817043990428860666298546	227	5433
5170102	75208	0.5240198785201546107123136389	2847	5433
1010304	75208	0.0184060371801951039941100681	100	5433
5502823	110152	0.5188571428571428571428571429	1816	3500
5750127	110152	0.0717142857142857142857142857	251	3500
1992442	110152	0.4094285714285714285714285714	1433	3500
5769501	179056	0.3514930476407567813995896968	1542	4387
2166919	179056	0.3008889901983131980852518806	1320	4387
5745020	179056	0.0777296558012309095053567358	341	4387
2667737	179056	0.0437656713015728288124002735	192	4387
5290733	179056	0.2261226350581262821974014133	992	4387
1927577	585252	0.0320901994796183868169991327	148	4612
521198	585252	0.9679098005203816131830008673	4464	4612
5122268	256407	0.1584564860426929392446633826	579	3654
3480360	256407	0.5410509031198686371100164204	1977	3654
3668701	256407	0.300492610837438423645320197	1098	3654
5122268	59367	0.3472588683670477865728525359	2369	6822
3480360	59367	0.2741131632952213427147464087	1870	6822
3668701	59367	0.3786279683377308707124010554	2583	6822
5557564	115794	0.4576480263157894736842105263	1113	2432
5594128	115794	0.5287828947368421052631578947	1286	2432
5734470	115794	0.0135690789473684210526315789	33	2432
1023945	121980	0.0090381991814461118690313779	53	5864
5594128	121980	0.9909618008185538881309686221	5811	5864
5557564	122278	0.2230826879840119910067449413	2679	12009
5594128	122278	0.2568073944541593804646515114	3084	12009
5734470	122278	0.0228994920476309434590723624	275	12009
3186539	122278	0.4972104255141976850695311849	5971	12009
5557564	122372	0.0713286713286713286713286713	663	9295
5169516	122372	0.0379774072081764389456697149	353	9295
5594128	122372	0.4476600322754168908015061861	4161	9295
3186539	122372	0.4430338891877353415814954276	4118	9295
5557564	122375	0.1824315385633020240772588967	1379	7559
5594128	122375	0.3325836750892975261277946818	2514	7559
5734470	122375	0.1051726418838470697182166953	795	7559
3186539	122375	0.3798121444635533800767297262	2871	7559
5557564	122428	0.375	936	2496
1023945	122428	0.0552884615384615384615384615	138	2496
5594128	122428	0.5360576923076923076923076923	1338	2496
5734470	122428	0.0336538461538461538461538462	84	2496
5557564	122442	0.3929040735873850197109067017	897	2283
5594128	122442	0.6070959264126149802890932983	1386	2283
5557564	122443	0.4131534569983136593591905565	980	2372
5594128	122443	0.5868465430016863406408094435	1392	2372
5756308	141831	0.2399485365069154068832422001	2984	12436
1023945	141831	0.0077195239626889675136699904	96	12436
3186539	141831	0.7523319395303956256030878096	9356	12436
5594128	142358	0.3533645607220381583457100423	3093	8753
3186539	142358	0.6466354392779618416542899577	5660	8753
5557564	142407	0.1602999929908179715427209645	2287	14267
5756308	142407	0.1245531646456858484614845448	1777	14267
5700257	142407	0.0152800168220368682974696853	218	14267
5184658	142407	0.1071703932151117964533538936	1529	14267
5850796	142407	0.2061400434569285764351300203	2941	14267
3186539	142407	0.3865563888694189388098408916	5515	14267
5557564	142408	0.1596402214022140221402214022	3461	21680
5594128	142408	0.7355166051660516605166051661	15946	21680
5734470	142408	0.0252306273062730627306273063	547	21680
3186539	142408	0.0796125461254612546125461255	1726	21680
5557564	142417	0.1018034596981965403018034597	8298	81510
5594128	142417	0.0196049564470617102196049564	1598	81510
5734470	142417	0.0101582627898417372101582628	828	81510
3186539	142417	0.8684333210649000122684333211	70786	81510
983810	144173	0.1635583300819352321498244245	2096	12815
275396	144173	0.034959032383925087787748732	448	12815
5594128	144173	0.1280530628170113148653921186	1641	12815
5734470	144173	0.0444010924697619976589933671	569	12815
3186539	144173	0.6290284822473663675380413578	8061	12815
5594128	144502	0.4621621621621621621621621622	2736	5920
3186539	144502	0.5378378378378378378378378378	3184	5920
5557564	144505	0.2471337579617834394904458599	970	3925
3186539	144505	0.7528662420382165605095541401	2955	3925
5557564	144547	0.1082047842611222892913033758	968	8946
5594128	144547	0.8278560250391236306729264476	7406	8946
5734470	144547	0.0639391906997540800357701766	572	8946
5557564	144551	0.2571111111111111111111111111	4628	18000
5736549	144551	0.0248333333333333333333333333	447	18000
5594128	144551	0.1532777777777777777777777778	2759	18000
3186539	144551	0.5647777777777777777777777778	10166	18000
5557564	144889	0.2732822444473308221846993116	2104	7699
5736549	144889	0.1989868814131705416287829588	1532	7699
5474659	144889	0.2321080659825951422262631511	1787	7699
3197316	144889	0.0393557604883751136511235225	303	7699
5594128	144889	0.2497726977529549292115859202	1923	7699
5734470	144889	0.0064943499155734510975451357	50	7699
5557564	144963	0.2459199642298233847529622178	1100	4473
5594128	144963	0.7540800357701766152470377822	3373	4473
5557564	146584	0.4801539891145625912651002257	3617	7533
5594128	146584	0.5198460108854374087348997743	3916	7533
5557564	157981	0.3508459483526268922528940338	788	2246
5594128	157981	0.6073018699910952804986642921	1364	2246
5734470	157981	0.0418521816562778272484416741	94	2246
5557564	159945	0.4506699147381242387332521315	2220	4926
5594128	159945	0.242590336987413723101908242	1195	4926
3186539	159945	0.3067397482744620381648396265	1511	4926
5557564	159946	0.1774135446685878962536023055	985	5552
5594128	159946	0.2876440922190201729106628242	1597	5552
5734470	159946	0.2481988472622478386167146974	1378	5552
3186539	159946	0.2867435158501440922190201729	1592	5552
5557564	171596	0.1412923076923076923076923077	1148	8125
5441094	171596	0.1472	1196	8125
1023945	171596	0.0167384615384615384615384615	136	8125
5594128	171596	0.6947692307692307692307692308	5645	8125
5557564	171713	0.3135815416885159937073938123	1196	3814
1023945	171713	0.016518091242789722076560042	63	3814
5594128	171713	0.6699003670686942842160461458	2555	3814
5557564	171714	0.201195559350982066609735269	1178	5855
5441094	171714	0.2003415883859948761742100769	1173	5855
5594128	171714	0.5817250213492741246797608881	3406	5855
5734470	171714	0.016737830913748932536293766	98	5855
5557564	171715	0.1729795775877116425205096876	991	5729
5594128	171715	0.8270204224122883574794903124	4738	5729
5557564	172681	0.376249500199920031987205118	941	2501
5594128	172681	0.623750499800079968012794882	1560	2501
5557564	184171	0.2701684397163120567375886525	1219	4512
5736549	184171	0.0782358156028368794326241135	353	4512
5594128	184171	0.651595744680851063829787234	2940	4512
5557564	199988	0.4848085935443104628508240746	9207	18991
5594128	199988	0.5033436891158970038439260702	9559	18991
5734470	199988	0.0118477173397925333052498552	225	18991
5557564	200019	0.3186599487315477768938389463	3605	11313
5722696	200019	0.0297887386192875453018651109	337	11313
5594128	200019	0.6515513126491646778042959427	7371	11313
5594128	200020	0.9608570251339101771734651834	4664	4854
5734470	200020	0.0391429748660898228265348166	190	4854
5557564	206030	0.2092976209742676808545072018	5173	24716
5594128	206030	0.5670820521119922317527107946	14016	24716
5734470	206030	0.0179236122349894804984625344	443	24716
5792205	206030	0.0193801586017154879430328532	479	24716
3186539	206030	0.186316556077035118951286616	4605	24716
5557564	206157	0.1891831738259514800801246383	850	4493
5594128	206157	0.512129979968840418428666815	2301	4493
3186539	206157	0.2986868462052081014912085466	1342	4493
5557564	206160	0.2513408093612871769868356899	1031	4102
5850796	206160	0.1660165772793759141882008776	681	4102
5734470	206160	0.2096538274012676743052169673	860	4102
3186539	206160	0.3729887859580692345197464651	1530	4102
5645836	206561	0.1840570317563188593648736228	284	1543
5734470	206561	0.3687621516526247569669475049	569	1543
2199143	206561	0.4471808165910563836681788723	690	1543
5594128	35205	0.2700421940928270042194092827	2496	9243
5734470	35205	0.1871686681813264091745104403	1730	9243
3186539	35205	0.542789137725846586606080277	5017	9243
5557564	35254	0.1881948120698782424563260985	3555	18890
548330	35254	0.0151402858655373213340391742	286	18890
5594128	35254	0.6535733192165166754896770778	12346	18890
3186539	35254	0.1430915828480677607199576496	2703	18890
5557564	35260	0.0525899025202741446631897988	1926	36623
5742913	35260	0.3808535619692542937498293422	13948	36623
5850796	35260	0.0502416514212380198236081151	1840	36623
5594128	35260	0.1192693116347650383638696994	4368	36623
3186539	35260	0.3970455724544685033995030445	14541	36623
5700257	357837	0.0266034985422740524781341108	292	10976
5594128	357837	0.1390306122448979591836734694	1526	10976
5563118	357837	0.243804664723032069970845481	2676	10976
3186539	357837	0.5905612244897959183673469388	6482	10976
5557564	42379	0.1512428870919436957172806229	505	3339
5594128	42379	0.6768493560946391135070380353	2260	3339
5370055	42379	0.1719077568134171907756813417	574	3339
5557564	42398	0.3483826565726083964211975224	2531	7265
5594128	42398	0.4963523743977976600137646249	3606	7265
5370055	42398	0.1552649690295939435650378527	1128	7265
5557564	42399	0.2702513966480446927374301676	1161	4296
5594128	42399	0.625	2685	4296
5370055	42399	0.1047486033519553072625698324	450	4296
5557564	44294	0.0442097726865938786468587793	741	16761
5645836	44294	0.0158105124992542211085257443	265	16761
5594128	44294	0.6673229520911640116938130183	11185	16761
3186539	44294	0.2726567627229878885508024581	4570	16761
5594128	44338	0.7267197005147402901263453439	3106	4274
3186539	44338	0.2732802994852597098736546561	1168	4274
5594128	44345	0.4280391243595714951094550536	919	2147
3186539	44345	0.5719608756404285048905449464	1228	2147
5594128	44347	0.5422135509045760908123448031	3057	5638
3186539	44347	0.4577864490954239091876551969	2581	5638
5557564	59357	0.2880592211136144190537495977	895	3107
5594128	59357	0.6414547795300933376247183779	1993	3107
5734470	59357	0.0704859993562922433215320245	219	3107
5557564	68957	0.2129369224588188027320208919	2120	9956
5594128	68957	0.7179590196866211329851345922	7148	9956
5734470	68957	0.0196866211329851345922057051	196	9956
5792205	68957	0.0494174367215749296906388108	492	9956
5557564	744991	0.7891837756634952428642964447	1576	1997
3186539	744991	0.2108162243365047571357035553	421	1997
5807058	779840	0.4172335600907029478458049887	920	2205
5594128	779840	0.5827664399092970521541950113	1285	2205
5736549	780354	0.1518020769700671960904092853	497	3274
5594128	780354	0.8481979230299328039095907147	2777	3274
5557564	79717	0.1433447098976109215017064846	2772	19338
5645836	79717	0.0220291653738752714861929879	426	19338
5594128	79717	0.4811769572861723032371496535	9305	19338
5792205	79717	0.0862550418864412038473471921	1668	19338
3186539	79717	0.2671941255559002999276036819	5167	19338
5557564	80009	0.3933320103195078388569160548	1982	5039
5594128	80009	0.6066679896804921611430839452	3057	5039
5557564	80013	0.1813099041533546325878594249	2724	15024
5594128	80013	0.3177582534611288604898828541	4774	15024
3186539	80013	0.500931842385516506922257721	7526	15024
5557564	81980	0.549994376335620290181081993	4890	8891
5594128	81980	0.450005623664379709818918007	4001	8891
5557564	82005	0.377145438121047877145438121	835	2214
5594128	82005	0.622854561878952122854561879	1379	2214
5736549	82006	0.2028272894898586355255070682	990	4881
5850796	82006	0.1645154681417742265929112887	803	4881
5594128	82006	0.6326572423683671378815816431	3088	4881
5557564	83394	0.1748742060546069454755423575	4240	24246
983810	83394	0.0796832467211086364761197723	1932	24246
5594128	83394	0.7214385878082982760042893673	17492	24246
5734470	83394	0.0240039594159861420440485028	582	24246
5557564	83512	0.4754634678298800436205016358	872	1834
5594128	83512	0.5245365321701199563794983642	962	1834
5557564	83528	0.6393738033562338101137515486	5677	8879
5594128	83528	0.3078049329879490933663700867	2733	8879
5734470	83528	0.0528212636558170965198783647	469	8879
5594128	83529	0.8893072289156626506024096386	1181	1328
5734470	83529	0.1106927710843373493975903614	147	1328
5557564	84163	0.1367954985702425975463518126	1483	10841
5736549	84163	0.0511945392491467576791808874	555	10841
5594128	84163	0.7492851212987731759062817083	8123	10841
5792205	84163	0.0627248408818374688681855917	680	10841
5557564	84189	0.9535655058043117744610281924	1150	1206
5734470	84189	0.0464344941956882255389718076	56	1206
5557564	93276	0.3266389454127222861187295408	3692	11303
5810060	93276	0.1961426170043351322657701495	2217	11303
5645836	93276	0.0388392462178182783331858799	439	11303
1023945	93276	0.0038042997434309475360523755	43	11303
5594128	93276	0.4345748916216933557462620543	4912	11303
5810060	93314	0.8844720496894409937888198758	712	805
5734470	93314	0.1155279503105590062111801242	93	805
5565746	144259	0.1608173555363895707556558084	2424	15073
1159477	144259	0.0386120878391826444636104292	582	15073
5454775	144259	0.0289258939826179260930139985	436	15073
5673007	144259	0.1703045180123399455980892987	2567	15073
3819011	144259	0.0099515690307171764081470178	150	15073
1849475	144259	0.2270284614874278511245273005	3422	15073
1927443	144259	0.0991176275459430770251442978	1494	15073
1990526	144259	0.2467325681682478604126583958	3719	15073
983564	144259	0.0185099183971339481191534532	279	15073
5565746	144261	0.055771182898429569475129874	934	16747
5454775	144261	0.1178718576461455783125335881	1974	16747
3819011	144261	0.1541768674986564757867080671	2582	16747
1849475	144261	0.1296948707231145876873469875	2172	16747
5471836	144261	0.0357676001671941243207738699	599	16747
1990526	144261	0.3135486952887084253896220219	5251	16747
983564	144261	0.1931689257777512390278855914	3235	16747
5565746	511804	0.8623529411764705882352941176	733	850
5673007	511804	0.1376470588235294117647058824	117	850
548330	35261	0.0563332580717995032738767216	499	8858
1813073	35261	0.3230977647324452472341386317	2862	8858
3186539	35261	0.6205689771957552494919846466	5497	8858
5368525	1827203	0.6137958692600761981150992581	3061	4987
5666686	1827203	0.3862041307399238018849007419	1926	4987
5232083	1905870	0.0959963342688584684117074288	1676	17459
1955099	1905870	0.1769288046279855661836302194	3089	17459
2514870	1905870	0.141817973538003322068847013	2476	17459
5785286	1905870	0.4295778681482330030356836016	7500	17459
5666686	1905870	0.0759493670886075949367088608	1326	17459
5668865	1905870	0.0797296523283120453634228765	1392	17459
5232083	271333	0.0385233604800685812258894128	719	18664
1955099	271333	0.2641984569224174882126018003	4931	18664
2514870	271333	0.4008251178739819974282040291	7481	18664
5785286	271333	0.1441813116159451350192884698	2691	18664
5368525	271333	0.0256108015430775825117873982	478	18664
5666686	271333	0.0896913844834976425203600514	1674	18664
5668865	271333	0.0369695670810115730818688384	690	18664
3027302	3116365	0.1008670520231213872832369942	349	3460
5666686	3116365	0.8991329479768786127167630058	3111	3460
3655322	10922806	0.3366690493209435310936383131	471	1399
275396	10922806	0.6633309506790564689063616869	928	1399
3655322	2468052	0.2337807606263982102908277405	418	1788
275396	2468052	0.7662192393736017897091722595	1370	1788
3655322	4046055	0.5319949811794228356336260979	1696	3188
5364455	4046055	0.4680050188205771643663739021	1492	3188
3655322	4046064	0.44	935	2125
3186539	4046064	0.56	1190	2125
3655322	952302	0.2524561403508771929824561404	1439	5700
5736549	952302	0.0603508771929824561403508772	344	5700
3186539	952302	0.1984210526315789473684210526	1131	5700
5558608	952302	0.4887719298245614035087719298	2786	5700
3655322	952303	0.4673008323424494649227110583	393	841
5364455	952303	0.5326991676575505350772889417	448	841
5403769	1066049	0.5966531315368524670850252246	4849	8127
5320506	1066049	0.212501538082933431770641073	1727	8127
2004561	1066049	0.1908453303802141011443337025	1551	8127
3176928	177340	0.106796116504854368932038835	165	1545
5721139	177340	0.7637540453074433656957928803	1180	1545
5367549	177340	0.1294498381877022653721682848	200	1545
5403769	97101	0.9120234604105571847507331378	311	341
2004561	97101	0.0879765395894428152492668622	30	341
548330	174662	0.14306640625	293	2048
5536804	174662	0.27734375	568	2048
5412766	174662	0.57958984375	1187	2048
783431	1589523	0.3285004832850048328500483285	9856	30003
2166919	1589523	0.0405959404059594040595940406	1218	30003
5836900	1589523	0.0064993500649935006499350065	195	30003
5059758	1589523	0.2397426923974269239742692397	7193	30003
3515322	1589523	0.3846615338466153384661533847	11541	30003
783431	44305	0.1256798792134320484601531661	6909	54973
2166919	44305	0.0185727538973677987375620759	1021	54973
5836900	44305	0.0036381496370945736998162734	200	54973
5059758	44305	0.6327651756316737307405453586	34785	54973
3515322	44305	0.2193440416204318483619231259	12058	54973
5836832	736327	0.0594998831502687543818649217	1273	21395
5856311	736327	0.9405001168497312456181350783	20122	21395
5836832	857405	0.7242063492063492063492063492	730	1008
5633761	857405	0.2757936507936507936507936508	278	1008
5595039	12620470	0.1951219512195121951219512195	56	287
316376	12620470	0.8048780487804878048780487805	231	287
5727271	174625	0.6017770597738287560581583199	745	1238
5792205	174625	0.3982229402261712439418416801	493	1238
5595039	174634	0.0229500891265597147950089127	103	4488
667686	174634	0.0100267379679144385026737968	45	4488
5536804	174634	0.550133689839572192513368984	2469	4488
2851057	174634	0.2036541889483065953654188948	914	4488
5727271	174634	0.084447415329768270944741533	379	4488
5742913	174634	0.1287878787878787878787878788	578	4488
548330	174657	0.1852646638054363376251788269	259	1398
5727271	174657	0.5286123032904148783977110157	739	1398
5412766	174657	0.1430615164520743919885550787	200	1398
5792205	174657	0.1430615164520743919885550787	200	1398
5595039	174667	0.0594594594594594594594594595	44	740
548330	174667	0.3743243243243243243243243243	277	740
5742913	174667	0.3743243243243243243243243243	277	740
5183924	174667	0.0594594594594594594594594595	44	740
3724869	174667	0.1324324324324324324324324324	98	740
5595039	18766395	0.1743341404358353510895883777	72	413
316376	18766395	0.7118644067796610169491525424	294	413
5851013	18766395	0.1138014527845036319612590799	47	413
5595039	271247649	0.5615384615384615384615384615	73	130
5851013	271247649	0.4384615384615384615384615385	57	130
5595039	87026	0.4027777777777777777777777778	58	144
3186539	87026	0.5972222222222222222222222222	86	144
5595039	9618433	0.544	68	125
5851013	9618433	0.456	57	125
2668882	57168	0.0616678346180798878766643308	176	2854
5673007	57168	0.4127540294323756131744919411	1178	2854
5698312	57168	0.080588647512263489838822705	230	2854
2959441	57168	0.1086194814295725297827610371	310	2854
5637085	57168	0.336370007007708479327259986	960	2854
3058200	847556	0.5454545454545454545454545455	240	440
2959441	847556	0.4545454545454545454545454545	200	440
1336985	93784	0.8047304730473047304730473047	1463	1818
5698312	93784	0.0858085808580858085808580858	156	1818
5330197	93784	0.1094609460946094609460946095	199	1818
3649872	1690699	0.1605136436597110754414125201	300	1869
2668882	1690699	0.5543071161048689138576779026	1036	1869
2467375	1690699	0.2851792402354200107009095773	533	1869
3649872	2854413	0.1229626078619367209971236817	1026	8344
2668882	2854413	0.7863135186960690316395014382	6561	8344
5745020	2854413	0.0376318312559923298178331735	314	8344
2467375	2854413	0.0179769894534995206136145733	150	8344
5495828	2854413	0.0351150527325023969319271333	293	8344
3649872	563000	0.1491304891780307769298135869	1192	7993
2668882	563000	0.0723132741148504941824096084	578	7993
5745020	563000	0.1273614412611034655323407982	1018	7993
2467375	563000	0.3336669585887651695233329163	2667	7993
5495828	563000	0.3175278368572500938321030902	2538	7993
3649872	764981	0.4537601626016260162601626016	893	1968
5745020	764981	0.2413617886178861788617886179	475	1968
2467375	764981	0.0752032520325203252032520325	148	1968
5495828	764981	0.229674796747967479674796748	452	1968
5736549	107975	0.3454918032786885245901639344	843	2440
5327916	107975	0.6545081967213114754098360656	1597	2440
5736549	113030	0.4926413632842757552285050349	636	1291
5842326	113030	0.5073586367157242447714949651	655	1291
5736549	122484	0.3432769367764915405164737311	1542	4492
5594128	122484	0.6567230632235084594835262689	2950	4492
5736549	170120	0.4873035066505441354292623942	403	827
5792205	170120	0.5126964933494558645707376058	424	827
5736549	337895	0.6171548117154811715481171548	295	478
5734470	337895	0.3828451882845188284518828452	183	478
5736549	36451954	0.6125	245	400
5700257	36451954	0.3875	155	400
5736549	4462818	0.2891263356379635449402891263	460	1591
3186539	4462818	0.7108736643620364550597108737	1131	1591
5736549	737130	0.3433843384338433843384338434	763	2222
5594128	737130	0.6566156615661566156615661566	1459	2222
5736549	870100	0.1682953311617806731813246471	310	1842
5594128	870100	0.7833876221498371335504885993	1443	1842
5734470	870100	0.0483170466883821932681867535	89	1842
3176928	15374995	0.4017135862913096695226438188	1641	4085
5290733	15374995	0.5982864137086903304773561812	2444	4085
548330	5697808	0.3019062339000515198351365276	586	1941
5850796	5697808	0.6980937660999484801648634724	1355	1941
5854991	722879	0.1665964912280701754385964912	2374	14250
3651650	722879	0.2444210526315789473684210526	3483	14250
2850717	722879	0.113754385964912280701754386	1621	14250
5212737	722879	0.4605614035087719298245614035	6563	14250
2302342	722879	0.0146666666666666666666666667	209	14250
5439463	848921	0.0830117350555249271481452312	1054	12697
5423923	848921	0.0227612821926439316373946602	289	12697
521198	848921	0.7782940852169803890682838466	9882	12697
5772785	848921	0.0786800031503504764905095692	999	12697
1237481	848921	0.0372528943845002756556666929	473	12697
5854991	857452	0.4784899034240561896400351185	545	1139
5836900	857452	0.5215100965759438103599648815	594	1139
5854991	9589769	0.0689223057644110275689223058	440	6384
3176928	9589769	0.5343045112781954887218045113	3411	6384
2959441	9589769	0.2348057644110275689223057644	1499	6384
2449088	9589769	0.1619674185463659147869674185	1034	6384
5769501	2022873	0.019486081370449678800856531	91	4670
5826990	2022873	0.0182012847965738758029978587	85	4670
5508439	2022873	0.9623126338329764453961456103	4494	4670
5769501	2137276	0.5129533678756476683937823834	99	193
5698312	2137276	0.4870466321243523316062176166	94	193
5807058	122352	0.2623586429725363489499192246	812	3095
5850796	122352	0.3218093699515347334410339257	996	3095
5563118	122352	0.4158319870759289176090468498	1287	3095
5807058	142283	0.4139770240700218818380743982	3027	7312
5850796	142283	0.126367614879649890590809628	924	7312
3186539	142283	0.4596553610503282275711159737	3361	7312
5807058	142418	0.1124312431243124312431243124	511	4545
5700257	142418	0.0547854785478547854785478548	249	4545
5805025	142418	0.1518151815181518151815181518	690	4545
3186539	142418	0.680968096809680968096809681	3095	4545
5807058	144456	0.2374659930042751651768363778	1833	7719
5563118	144456	0.1175022671330483223215442415	907	7719
3186539	144456	0.6450317398626765125016193807	4979	7719
5645836	159926	0.1494047619047619047619047619	251	1680
1023945	159926	0.0476190476190476190476190476	80	1680
3186539	159926	0.8029761904761904761904761905	1349	1680
5807058	278329	0.2547223812249570692615912994	890	3494
5850796	278329	0.2384087006296508299942759015	833	3494
5734470	278329	0.3216943331425300515168860904	1124	3494
3186539	278329	0.1851745850028620492272467086	647	3494
3197316	357757	0.4102930664760543245175125089	574	1399
5850796	357757	0.5511079342387419585418155826	771	1399
5734470	357757	0.0385989992852037169406719085	54	1399
5807058	357758	0.4044117647058823529411764706	880	2176
3186539	357758	0.5955882352941176470588235294	1296	2176
5807058	357759	0.5375868603916614024005053696	851	1583
5850796	357759	0.4624131396083385975994946304	732	1583
5807058	357795	0.0675088009939946158624974115	652	9658
5305551	357795	0.0099399461586249741147235452	96	9658
5850796	357795	0.1008490370677158832056326362	974	9658
5734470	357795	0.0094222406295299233795816939	91	9658
3186539	357795	0.8122799751501346034375647132	7845	9658
5847759	357833	0.3481349911190053285968028419	392	1126
5850796	357833	0.6518650088809946714031971581	734	1126
5807058	357838	0.0896551724137931034482758621	1612	17980
5850796	357838	0.0895439377085650723025583982	1610	17980
5563118	357838	0.1557842046718576195773081201	2801	17980
3186539	357838	0.6650166852057842046718576196	11957	17980
5807058	357840	0.3209740577581987273617229564	2623	8172
5850796	357840	0.1000978952520802741067058248	818	8172
5563118	357840	0.2370288790993636808614782183	1937	8172
3186539	357840	0.3418991678903573176700930005	2794	8172
5807058	480374	0.5093815149409312022237665045	733	1439
5850796	480374	0.4906184850590687977762334955	706	1439
5807058	79955	0.849646821392532795156407669	1684	1982
5734470	79955	0.150353178607467204843592331	298	1982
5807058	80014	0.5375536480686695278969957082	501	932
3186539	80014	0.4624463519313304721030042918	431	932
3651650	144902	0.2688515081206496519721577726	1854	6896
2850717	144902	0.5113109048723897911832946636	3526	6896
5212737	144902	0.170823665893271461716937355	1178	6896
2302342	144902	0.0490139211136890951276102088	338	6896
637434	1265813	0.1911922663802363050483351235	356	1862
2992790	1265813	0.8088077336197636949516648765	1506	1862
5450056	153122	0.4974874371859296482412060302	297	597
5832467	153122	0.5025125628140703517587939698	300	597
637434	153133	0.0510718789407313997477931904	1377	26962
5450056	153133	0.0685038201913804613901045916	1847	26962
3080158	153133	0.4574957347377790965061939025	12335	26962
5362908	153133	0.354313478228618055040427268	9553	26962
2992790	153133	0.0686150879014909873154810474	1850	26962
637434	220718	0.9146757679180887372013651877	1608	1758
5816354	220718	0.0853242320819112627986348123	150	1758
3080158	267888	0.5338189386056191467221644121	4104	7688
5362908	267888	0.4661810613943808532778355879	3584	7688
637434	840889	0.1949124545754872811364387182	590	3027
5803576	840889	0.6560951437066402378592666006	1986	3027
2992790	840889	0.1489924017178724810042946812	451	3027
2068742	1560618	0.5467422096317280453257790368	579	1059
5832467	1560618	0.290840415486307837582625118	308	1059
5803576	1560618	0.1624173748819641170915958451	172	1059
5810060	93312	0.9195678271308523409363745498	766	833
1023945	93312	0.0804321728691476590636254502	67	833
5697221	34889	0.4417179322376273987696262969	19243	43564
5837845	34889	0.0120971444311817096685336516	527	43564
521198	34889	0.486548526306124322835368653	21196	43564
5168466	34889	0.0032136626572399228720962262	140	43564
1253612	34889	0.0339500505004131851987879901	1479	43564
2200390	34889	0.0224726838674134606555871821	979	43564
5327916	357810	0.0949137148047229791099000908	209	2202
5828593	357810	0.9050862851952770208900999092	1993	2202
5439463	110164	0.1127118644067796610169491525	133	1180
3176928	110164	0.8872881355932203389830508475	1047	1180
5439463	12131914	0.0848126232741617357001972387	172	2028
5290733	12131914	0.9151873767258382642998027613	1856	2028
5439463	5808085	0.0495036905064902010689742937	389	7858
5290733	5808085	0.9504963094935097989310257063	7469	7858
5439463	604097	0.0003225221230018746598399484	64	198436
5290733	604097	0.9996774778769981253401600516	198372	198436
5847759	174212	0.5566223859003025121662501644	4232	7603
1023945	174212	0.0084177298434828357227410233	64	7603
5594128	174212	0.3836643430224911219255557017	2917	7603
5734470	174212	0.0512955412337235301854531106	390	7603
809579	588379	0.6853461192688043152532214564	2287	3337
1336985	588379	0.0899011087803416242133652982	300	3337
544480	588379	0.2247527719508540605334132454	750	3337
809579	588381	0.20281656234954260953298026	1685	8308
5189985	588381	0.6679104477611940298507462687	5549	8308
1336985	588381	0.1292729898892633606162734714	1074	8308
3176928	59084008	0.7091711623344776851397743992	2892	4078
5355714	59084008	0.022560078469838155958803335	92	4078
5666686	59084008	0.0860716037273173124080431584	351	4078
504172	59084008	0.1821971554683668464933791074	743	4078
5855051	2814100	0.1207726147924113280175969205	1757	14548
5412244	2814100	0.0137475941710200714874896893	200	14548
5263217	2814100	0.084822656035193841077811383	1234	14548
5424780	2814100	0.0369122903491888919439098158	537	14548
5672375	2814100	0.5393181193291174044542205114	7846	14548
5330197	2814100	0.0602144624690679131152048392	876	14548
1237481	2814100	0.1339015672257354962881495738	1948	14548
5472013	2814100	0.010310695628265053615617267	150	14548
5855051	42383	0.1002834096359276215391323305	920	9174
5412244	42383	0.1620885110093743187268367124	1487	9174
2625408	42383	0.0105733594942228035753215609	97	9174
5263217	42383	0.3225419664268585131894484412	2959	9174
5330197	42383	0.3205798997165903640723784609	2941	9174
1237481	42383	0.0678003052103771528231959887	622	9174
5472013	42383	0.0161325485066492260736865053	148	9174
3698925	2022997	0.8702127659574468085106382979	1636	1880
5633761	2022997	0.1297872340425531914893617021	244	1880
5801493	2710795	0.4	44	110
5671375	2710795	0.6	66	110
403835	495259	0.0791020844468198824158204169	296	3742
3510836	495259	0.3786745056119722073757349011	1417	3742
2972669	495259	0.1084981293425975414216996259	406	3742
5612057	495259	0.3121325494388027792624265099	1168	3742
2173627	495259	0.1215927311598075895243185462	455	3742
3480360	1438263	0.871720116618075801749271137	299	343
5367549	1438263	0.128279883381924198250728863	44	343
3521745	145558	0.4285714285714285714285714286	258	602
3561226	145558	0.4119601328903654485049833887	248	602
5698312	145558	0.1594684385382059800664451827	96	602
5536804	174588	0.3496402877697841726618705036	243	695
5487054	174588	0.6503597122302158273381294964	452	695
5594128	170864	0.6093489148580968280467445743	1460	2396
5734470	170864	0.3906510851419031719532554257	936	2396
5850796	374256	0.7858880778588807785888077859	323	411
5734470	374256	0.2141119221411192214111922141	88	411
5734470	44346	0.0709318497913769123783031989	357	5033
3186539	44346	0.4559904629445658652890919928	2295	5033
1090344	44346	0.4730776872640572223326048083	2381	5033
1023945	49176	0.1028277634961439588688946015	80	778
5594128	49176	0.8971722365038560411311053985	698	778
5805606	10620447	0.9473969631236442516268980477	1747	1844
5698312	10620447	0.0526030368763557483731019523	97	1844
3176928	5807614	0.6369509043927648578811369509	493	774
5666686	5807614	0.3630490956072351421188630491	281	774
3724063	187432	0.6688963210702341137123745819	200	299
3510836	187432	0.3311036789297658862876254181	99	299
3058200	11325072	0.7905027932960893854748603352	566	716
5584496	11325072	0.2094972067039106145251396648	150	716
3583716	355517	0.9151500245941957697983275947	3721	4066
5666686	355517	0.0848499754058042302016724053	345	4066
5474659	745103	0.2950373895309313392250169952	434	1471
3197316	745103	0.3942895989123045547246770904	580	1471
5850796	745103	0.3106730115567641060503059143	457	1471
1336985	588380	0.1844414444819439757003037462	1093	5926
1941594	588380	0.8155585555180560242996962538	4833	5926
5364455	144545	0.2459305993690851735015772871	1949	7925
5850796	144545	0.0981703470031545741324921136	778	7925
3186539	144545	0.6558990536277602523659305994	5198	7925
5364455	1917798	0.5025125628140703517587939698	300	597
275396	1917798	0.4974874371859296482412060302	297	597
5364455	480302	0.6726131483316815328708292038	2036	3027
2851057	480302	0.3273868516683184671291707962	991	3027
3561226	12314172	0.4378531073446327683615819209	155	354
5666686	12314172	0.5621468926553672316384180791	199	354
3561226	145557	0.5305164319248826291079812207	113	213
5367549	145557	0.4694835680751173708920187793	100	213
3561226	18953210	0.175	42	240
2449088	18953210	0.825	198	240
3561226	902969	0.1911111111111111111111111111	43	225
5698312	902969	0.8088888888888888888888888889	182	225
1336681	540539	0.0459965928449744463373083475	486	10566
2433502	540539	0.2084043157296990346394094265	2202	10566
3046356	540539	0.745599091425326519023282226	7878	10566
5294112	68966	0.1815947150099861729912428945	1182	6509
3046356	68966	0.8184052849900138270087571055	5327	6509
3176928	12019911	0.1955193482688391038696537678	96	491
2959441	12019911	0.8044806517311608961303462322	395	491
3176928	12315948	0.8960715028060694242361255456	4311	4811
5290733	12315948	0.1039284971939305757638744544	500	4811
3176928	200317148	0.5779220779220779220779220779	534	924
2667737	200317148	0.4220779220779220779220779221	390	924
3176928	215354	0.0381752242794426417255201374	200	5239
521198	215354	0.9433097919450276770376025959	4942	5239
5698312	215354	0.0185149837755296812368772667	97	5239
3176928	36492911	0.7416020671834625322997416021	574	774
2667737	36492911	0.2583979328165374677002583979	200	774
3176928	469568383	0.4845360824742268041237113402	94	194
2667737	469568383	0.5154639175257731958762886598	100	194
3176928	5556060	0.0020799147130449324289014079	199	95677
5290733	5556060	0.9979200852869550675710985921	95478	95677
3176928	691236738	0.9562913907284768211920529801	722	755
2667737	691236738	0.0437086092715231788079470199	33	755
3510836	1690677	0.6366880799428979300499643112	1784	2802
2972669	1690677	0.1259814418272662384011420414	353	2802
5612057	1690677	0.2373304782298358315488936474	665	2802
5536804	58702	0.2380446333687566418703506908	224	941
1090344	58702	0.7619553666312433581296493092	717	941
5441094	159944	0.1935585727818124407957057152	1226	6334
3186539	159944	0.8064414272181875592042942848	5108	6334
3646434	30017163	0.4211287988422575976845151954	582	1382
5457074	30017163	0.5788712011577424023154848046	800	1382
5594128	158347	0.8561362301820317087492660012	1458	1703
3000221	158347	0.1438637698179682912507339988	245	1703
1023945	206156	0.0132647000593941793704216987	67	5051
5792205	206156	0.230053454761433379528806177	1162	5051
3186539	206156	0.7566818451791724411007721243	3822	5051
1023945	42397	0.0420439844760672703751617076	65	1546
5370055	42397	0.9579560155239327296248382924	1481	1546
5836900	1606379	0.0092112445414847161572052402	135	14656
3515322	1606379	0.9907887554585152838427947598	14521	14656
5534259	206061	0.4376797698945349952061361457	913	2086
5772785	206061	0.5623202301054650047938638543	1173	2086
5305551	1055669	0.0404411764705882352941176471	44	1088
5850796	1055669	0.9595588235294117647058823529	1044	1088
5450056	32897198	0.3131487889273356401384083045	181	578
5803576	32897198	0.6868512110726643598615916955	397	578
3080158	153150	0.86119216340141725719049604	2066	2399
5231677	153150	0.13880783659858274280950396	333	2399
586660	87211	0.9388614417246799910172917135	16723	17812
5183924	87211	0.0129687850887042443296653941	231	17812
2526421	87211	0.0481697731866157646530428924	858	17812
2420433	174226	0.3310927125174194606115255349	4039	12199
2097237	174226	0.3782277235839003196983359292	4614	12199
5751616	174226	0.2906795638986802196901385359	3546	12199
2667737	12378921	0.1139088729016786570743405276	190	1668
5290733	12378921	0.8860911270983213429256594724	1478	1668
2667737	5103525	0.4789915966386554621848739496	1368	2856
5290733	5103525	0.5210084033613445378151260504	1488	2856
3112861	1214207	0.8242082662372517444981213097	3071	3726
5584496	1214207	0.1757917337627482555018786903	655	3726
3112861	1732129	0.9408752327746741154562383613	4042	4296
5584496	1732129	0.0591247672253258845437616387	254	4296
5698312	94202	0.2023447676943117672600955276	466	2303
5672375	94202	0.7976552323056882327399044724	1837	2303
5850796	10817878	0.6173688736027515047291487532	718	1163
5563118	10817878	0.3826311263972484952708512468	445	1163
5850796	1289618	0.9147982062780269058295964126	612	669
5734470	1289618	0.0852017937219730941704035874	57	669
5850796	144506	0.3860603064755313890261987148	781	2023
3186539	144506	0.6139396935244686109738012852	1242	2023
5850796	2090226	0.360393603936039360393603936	586	1626
5791424	2090226	0.639606396063960639606396064	1040	1626
5850796	355337	0.2993722839208112023177209078	620	2071
5594128	355337	0.7006277160791887976822790922	1451	2071
5274878	1423469	0.2278287461773700305810397554	149	654
3055570	1423469	0.7721712538226299694189602446	505	654
1927443	144262	0.2061998339330196512593412676	745	3613
1990526	144262	0.2288956545806808746194298367	827	3613
983564	144262	0.5649045114862994741212288957	2041	3613
275396	4462820	0.1589068825910931174089068826	314	1976
3186539	4462820	0.5136639676113360323886639676	1015	1976
5558608	4462820	0.3274291497975708502024291498	647	1976
5567683	644581	0.2469215813350615683732987686	381	1543
5594128	644581	0.7530784186649384316267012314	1162	1543
1336985	1464746	0.8742138364779874213836477987	1390	1590
1941594	1464746	0.1257861635220125786163522013	200	1590
5594128	123864	0.8965141612200435729847494553	2469	2754
5734470	123864	0.1034858387799564270152505447	285	2754
5594128	158374	0.8522860492379835873388042204	1454	1706
5734470	158374	0.0193434935521688159437280188	33	1706
3000221	158374	0.1283704572098475967174677608	219	1706
5734470	35258	0.3096129837702871410736579276	496	1602
3186539	35258	0.6903870162297128589263420724	1106	1602
