5686906	219297	0.9047619047619047619047619048	570	630
5498569	219297	0.0952380952380952380952380952	60	630
5686906	566399	0.824833702882483370288248337	372	451
5800746	566399	0.175166297117516629711751663	79	451
5686906	85681	0.2	121	605
5534991	85681	0.8	484	605
5709982	32784	0.0897131931166347992351816444	1173	13075
3505309	32784	0.0779349904397705544933078394	1019	13075
3832254	32784	0.0606500956022944550669216061	793	13075
5657976	32784	0.1736137667304015296367112811	2270	13075
5204911	32784	0.0684512428298279158699808795	895	13075
3428539	32784	0.0141491395793499043977055449	185	13075
5576967	32784	0.0076481835564053537284894837	100	13075
5342642	32784	0.0075717017208413001912045889	99	13075
3468302	32784	0.006577437858508604206500956	86	13075
3450386	32784	0.0460420650095602294455066922	602	13075
2622425	32784	0.0175908221797323135755258126	230	13075
3867807	32784	0.0035181644359464627151051625	46	13075
5674772	32784	0.4265391969407265774378585086	5577	13075
5709982	48664	0.4697986577181208053691275168	490	1043
5657976	48664	0.5302013422818791946308724832	553	1043
3858908	102798	0.0331542878310798295980737174	2685	80985
2007437	102798	0.0041859603630301907760696425	339	80985
5810398	102798	0.0244242761005124405754152003	1978	80985
3513600	102798	0.0567512502315243563622893128	4596	80985
3819280	102798	0.0012101006359202321417546459	98	80985
2720295	102798	0.0290300672964129159720935976	2351	80985
5258145	102798	0.007742174476754954621226153	627	80985
5504006	102798	0.0034450824226708649749953695	279	80985
2928112	102798	0.0413780329690683459899981478	3351	80985
5741114	102798	0.2011113169105389887016114095	16287	80985
3244981	102798	0.0085200963141322467123541397	690	80985
5491366	102798	0.0037043897017966290053713651	300	80985
1989229	102798	0.0521948508983145026856825338	4227	80985
5097275	102798	0.0123479656726554300179045502	1000	80985
3008553	102798	0.0368833734642217694634808915	2987	80985
2787799	102798	0.0586528369451132925850466136	4750	80985
1165836	102798	0.0117676112860406248070630364	953	80985
486761	102798	0.1928752238068778168796690745	15620	80985
3580723	102798	0.0151879977773661789220225968	1230	80985
5092770	102798	0.0111625609680805087361857134	904	80985
5182767	102798	0.0158794838550348830030252516	1286	80985
5506490	102798	0.0030252515898005803543866148	245	80985
3829899	102798	0.0087670556275853553127122307	710	80985
3860345	102798	0.0244242761005124405754152003	1978	80985
5765424	102798	0.0172748039760449465950484658	1399	80985
692151	102798	0.1206519725875162067049453603	9771	80985
2391318	102798	0.0042477001913934679261591653	344	80985
2007437	1125486	0.3598553345388788426763110307	199	553
1165836	1125486	0.6401446654611211573236889693	354	553
1916818	158847	0.2994219653179190751445086705	1295	4325
3191270	158847	0.7005780346820809248554913295	3030	4325
1989229	4627633	0.1923990498812351543942992874	162	842
5066441	4627633	0.8076009501187648456057007126	680	842
3579480	13091171	0.2063492063492063492063492063	299	1449
2129356	13091171	0.2374051069703243616287094548	344	1449
5659388	13091171	0.1725327812284334023464458247	250	1449
5444769	13091171	0.3837129054520358868184955141	556	1449
2108724	240943	0.1494675419401896425966447848	5123	34275
3467884	240943	0.4039095550692924872355944566	13844	34275
3579480	240943	0.1843034281546316557257476295	6317	34275
5671292	240943	0.0150255288110867979576951131	515	34275
2859570	240943	0.0072355944566010211524434719	248	34275
2129356	240943	0.0102115244347191830780452225	350	34275
5659388	240943	0.0174471188913202042304886944	598	34275
5444769	240943	0.0458059810357403355215171408	1570	34275
3596373	240943	0.1429613420860685630926331145	4900	34275
3815522	240943	0.0221152443471918307804522247	758	34275
439070	240943	0.0015171407731582786287381473	52	34275
3467884	3841096	0.7929061784897025171624713959	693	874
2129356	3841096	0.2070938215102974828375286041	181	874
3579480	385336	0.4725168756027000964320154291	490	1037
793581	385336	0.1658630665380906460945033751	172	1037
5583369	385336	0.3616200578592092574734811958	375	1037
2108724	385337	0.0831229364925228199650417557	428	5149
3467884	385337	0.0755486502233443387065449602	389	5149
3579480	385337	0.1318702660710817634492134395	679	5149
3202703	385337	0.3309380462225674888327830647	1704	5149
5590766	385337	0.2829675665177704408623033599	1457	5149
5583369	385337	0.0955525344727131481841134201	492	5149
3467884	387366	0.2299029126213592233009708738	592	2575
5659388	387366	0.4652427184466019417475728155	1198	2575
5444769	387366	0.3048543689320388349514563107	785	2575
2108724	40850	0.3899461400359066427289048474	3258	8355
3579480	40850	0.3304608019150209455415918612	2761	8355
793581	40850	0.1104727707959305804907241173	923	8355
2101620	40850	0.1254338719329742669060442849	1048	8355
439070	40850	0.0436864153201675643327348893	365	8355
2270701	1001960	0.0263732266278646780647508185	145	5498
3165605	1001960	0.0392870134594397962895598399	216	5498
3583261	1001960	0.1133139323390323754092397235	623	5498
3488760	1001960	0.0878501273190251000363768643	483	5498
1097656	1001960	0.0965805747544561658785012732	531	5498
5430710	1001960	0.0545652964714441615132775555	300	5498
677993	1001960	0.3550381957075300109130592943	1952	5498
3842918	1001960	0.1222262640960349217897417243	672	5498
3081459	1001960	0.1047653692251727901054929065	576	5498
5254277	1002220	0.6789554531490015360983102919	442	651
3842918	1002220	0.3210445468509984639016897081	209	651
5092915	1008586	0.1404555314533622559652928416	259	1844
1323327	1008586	0.1767895878524945770065075922	326	1844
3081459	1008586	0.4799349240780911062906724512	885	1844
1827710	1008586	0.202819956616052060737527115	374	1844
5835782	102838	0.151675485008818342151675485	86	567
2787799	102838	0.4444444444444444444444444444	252	567
5848573	102838	0.4038800705467372134038800705	229	567
2270701	1056280	0.0445335043283103558832959282	1389	31190
3824699	1056280	0.0255210003206155819172811799	796	31190
5092915	1056280	0.1526130169926258416159025329	4760	31190
5539437	1056280	0.0467778134017313241423533184	1459	31190
677993	1056280	0.2268996473228598909907021481	7077	31190
855086	1056280	0.1041038794485411991022763706	3247	31190
5254277	1056280	0.0102276370631612696377043924	319	31190
3871640	1056280	0.052196216736133376082077589	1628	31190
3081459	1056280	0.2531260019236934915036870792	7895	31190
1827710	1056280	0.0840012824623276691247194614	2620	31190
3795307	1306375	0.0447535530692470517084971273	296	6614
3566396	1306375	0.242818264287874206229210765	1606	6614
3165605	1306375	0.1584517689749017236165709102	1048	6614
5166638	1306375	0.0961596613244632597520411249	636	6614
3244981	1306375	0.3973389779256123374659812519	2628	6614
5089150	1306375	0.0604777744179014212276988207	400	6614
1097656	277075	0.6542669584245076586433260394	299	457
1323327	277075	0.3457330415754923413566739606	158	457
3583261	30908	0.3712154453707766564282580079	2538	6837
2488837	30908	0.1329530495831505046072838964	909	6837
1097656	30908	0.2688313587830919994149480766	1838	6837
1323327	30908	0.0852713178294573643410852713	583	6837
3871640	30908	0.0900979961971624981717127395	616	6837
5527483	30908	0.0272049144361562088635366389	186	6837
5665029	30908	0.0244259178002047681731753693	167	6837
3795307	327073	0.4247104247104247104247104247	220	518
3824699	327073	0.5752895752895752895752895753	298	518
5504006	365346	0.6544502617801047120418848168	125	191
2498710	365346	0.3455497382198952879581151832	66	191
3795307	4891205	0.0784313725490196078431372549	284	3621
5257240	4891205	0.3789008561170947252140292737	1372	3621
2621718	4891205	0.2319801159900579950289975145	840	3621
1097656	4891205	0.080640706987020160176746755	292	3621
3824699	4891205	0.0577188621927644297155481911	209	3621
3039063	4891205	0.0903065451532725766362883181	327	3621
2674536	4891205	0.0820215410107705053852526926	297	3621
1097656	4891206	0.7228915662650602409638554217	600	830
3583210	4891206	0.2771084337349397590361445783	230	830
3795307	4931966	0.3725934314835787089467723669	658	1766
5257240	4931966	0.2355605889014722536806342016	416	1766
1323327	4931966	0.3035107587768969422423556059	536	1766
2674536	4931966	0.0317100792751981879954699887	56	1766
5665029	4931966	0.0566251415628539071347678369	100	1766
1097656	5437415	0.0689846239091286881839589971	498	7219
5430710	5437415	0.9310153760908713118160410029	6721	7219
3165605	6477826	0.6630754162585700293829578844	677	1021
3244981	6477826	0.3369245837414299706170421156	344	1021
5804539	32670	0.0435888261302936591100774401	6822	156508
2395221	32670	0.0062616607457765737214711069	980	156508
3505309	32670	0.0704500728397270427070820661	11026	156508
5293701	32670	0.0080762644721036624325913052	1264	156508
3819280	32670	0.0121527334065990236920796381	1902	156508
2095583	32670	0.0226569887801262555268740256	3546	156508
5264811	32670	0.002798578986377693153065658	438	156508
5782421	32670	0.0003769775346947120913946891	59	156508
5503223	32670	0.0310207784905563932834104327	4855	156508
2679352	32670	0.0900337362946303064380095586	14091	156508
5504006	32670	0.009539448462698392414445268	1493	156508
332897	32670	0.125469624555933243029110333	19637	156508
1207042	32670	0.0098716998492089861221151634	1545	156508
3452749	32670	0.0056291052214583280087918828	881	156508
5514037	32670	0.0227081043780509622511309326	3554	156508
5695560	32670	0.0013609527947453165333401487	213	156508
5204911	32670	0.0515117438086232013698980244	8062	156508
3876634	32670	0.0014695734403353183223860761	230	156508
5415526	32670	0.0038208909448718276382037979	598	156508
3597649	32670	0.0244460347074909908758657704	3826	156508
3428539	32670	0.0099803204947989879111610908	1562	156508
3146489	32670	0.0076609502389654202980039359	1199	156508
5359227	32670	0.0227081043780509622511309326	3554	156508
1206937	32670	0.0531985585401385232703759552	8326	156508
5171334	32670	0.0552176246581644388785237815	8642	156508
2271735	32670	0.0337810207784905563932834104	5287	156508
5060519	32670	0.0109195696066654739693817568	1709	156508
3539081	32670	0.0376721956705088557773404554	5896	156508
697413	32670	0.0739834385462723950213407621	11579	156508
387522	32670	0.0023704858537582743374140619	371	156508
5576967	32670	0.0006389449740588340532113374	100	156508
5378944	32670	0.0047409717075165486748281238	742	156508
3501834	32670	0.0011245431543435479336519539	176	156508
687697	32670	0.0066705855291742275155263629	1044	156508
2221304	32670	0.0101336672885731080839318118	1586	156508
5615196	32670	0.0018721087739923837759092187	293	156508
5348600	32670	0.0065300176348812840238198686	1022	156508
3450386	32670	0.0254427888670227719988754568	3982	156508
5823508	32670	0.0196156107036062054335880594	3070	156508
1215598	32670	0.0114754517340966595956756204	1796	156508
5656720	32670	0.0054310322795000894522963682	850	156508
2053521	32670	0.0045876249137424285020574028	718	156508
3010519	32670	0.003003041378076520050093286	470	156508
3158912	32670	0.0038017225956500626166074578	595	156508
3867807	32670	0.0007667339688706008638536049	120	156508
5768437	32670	0.0283755462979528203031154957	4441	156508
1275831	32670	0.0150535435888261302936591101	2356	156508
970042	369328	0.0366611696054801471520994545	289	7883
1894810	369328	0.0364074590891792464797665863	287	7883
3185210	369328	0.0503615374857287834580743372	397	7883
3204059	369328	0.1423315996448052771787390587	1122	7883
5175940	369328	0.1777242166687809209691741723	1401	7883
5622454	369328	0.1512114677153368007103894456	1192	7883
793581	369328	0.0253710516300900672332868197	200	7883
3640481	369328	0.0324749460865152860586071293	256	7883
5659388	369328	0.0086261575542306228593175187	68	7883
5068388	369328	0.1839401243181529874413294431	1450	7883
5582645	369328	0.0216922491437270074844602309	171	7883
3095141	369328	0.1112520613979449448179627046	877	7883
320228	369328	0.0219459596600279081567930991	173	7883
2607624	106358	0.16015625	123	768
3202703	106358	0.3828125	294	768
2242045	106358	0.2265625	174	768
2278979	106358	0.23046875	177	768
2607624	106359	0.1476361946799860610988500407	2542	17218
5843731	106359	0.0054594029504007434080613312	94	17218
970042	106359	0.0598791961900336856777790684	1031	17218
2242045	106359	0.0608084562666976420025554652	1047	17218
723374	106359	0.0231734231618074108491113951	399	17218
3786481	106359	0.1373562550818910442560111511	2365	17218
5348759	106359	0.024044604483679869903589267	414	17218
5421200	106359	0.0229991868974329190382158207	396	17218
5583369	106359	0.003484725287489836217911488	60	17218
5068388	106359	0.0577883610175397839470321756	995	17218
2193611	106359	0.0900220699268207689627134394	1550	17218
3815903	106359	0.0985015681263793704262980602	1696	17218
5615196	106359	0.0347310953653153676385178302	598	17218
5427526	106359	0.1809153211755139969799047508	3115	17218
5674772	106359	0.0497154141015216633755372285	856	17218
439070	106359	0.003484725287489836217911488	60	17218
5289986	1218726	0.30460921843687374749498998	456	1497
5169655	1218726	0.1336005344021376085504342017	200	1497
3786481	1218726	0.5617902471609886439545758183	841	1497
2607624	181806	0.0671107410491257285595337219	806	12010
5367225	181806	0.0052456286427976686094920899	63	12010
3731074	181806	0.1617818484596169858451290591	1943	12010
3786481	181806	0.0548709408825978351373855121	659	12010
5348759	181806	0.5651956702747710241465445462	6788	12010
2278979	181806	0.0150707743547044129891756869	181	12010
5421200	181806	0.0636969192339716902581182348	765	12010
5583369	181806	0.0038301415487094088259783514	46	12010
2622425	181806	0.0315570358034970857618651124	379	12010
5427526	181806	0.0316402997502081598667776853	380	12010
723374	3667085	0.3494382022471910112359550562	311	890
3786481	3667085	0.6505617977528089887640449438	579	890
2607624	39572521	0.3518518518518518518518518519	76	216
5427526	39572521	0.6481481481481481481481481481	140	216
2607624	4333622	0.1044891640866873065015479876	270	2584
5289986	4333622	0.7797987616099071207430340557	2015	2584
3786481	4333622	0.1157120743034055727554179567	299	2584
3239181	1326150	0.2817955112219451371571072319	113	401
5659388	1326150	0.7182044887780548628428927681	288	401
3239181	181784	0.067448680351906158357771261	161	2387
970042	181784	0.0808546292417260159195643067	193	2387
5583369	181784	0.8303309593632174277335567658	1982	2387
2789268	181784	0.0213657310431503979891076665	51	2387
2242045	181805	0.174981384959046909903201787	235	1343
5415526	181805	0.2978406552494415487714072971	400	1343
3640481	181805	0.1638123603871928518242740134	220	1343
3727807	181805	0.3633655994043186895011169025	488	1343
3239181	484640	0.4976415094339622641509433962	1477	2968
3727807	484640	0.5023584905660377358490566038	1491	2968
3731074	868839	0.8327272727272727272727272727	229	275
3640481	868839	0.1672727272727272727272727273	46	275
5583176	147546	0.1356479612434396447315300767	336	2477
5669992	147546	0.0783205490512716996366572467	194	2477
2419526	147546	0.7480823576907549454985870004	1853	2477
5772434	147546	0.0379491320145337101332256762	94	2477
5583176	1588892	0.0475190338671567340509320032	181	3809
5675199	1588892	0.9524809661328432659490679968	3628	3809
5583176	199703	0.0030625216687853923494741708	318	103836
5589249	199703	0.0100735775646211333256288763	1046	103836
5881277	199703	0.0020416811125235948996494472	212	103836
538537	199703	0.0019453753996687083477791903	202	103836
998447	199703	0.1062926152779382872992025887	11037	103836
5251730	199703	0.0019164836858122423822181132	199	103836
2419526	199703	0.1233965098809661389113602219	12813	103836
5826884	199703	0.0009341654146923995531414924	97	103836
2239390	199703	0.0100350552794791787048807735	1042	103836
443207	199703	0.3065218228745329172926538002	31828	103836
5551956	199703	0.0019453753996687083477791903	202	103836
2195603	199703	0.2573962787472552871836357333	26727	103836
5753436	199703	0.0760815131553603759775029855	7900	103836
5821160	199703	0.0018972225432412650718440618	197	103836
5534425	199703	0.0378866674371123695057590816	3934	103836
3577282	199703	0.0152451943449285411610616742	1583	103836
5772887	199703	0.0030721522400708810046611965	319	103836
5610345	199703	0.001637197118533071381794368	170	103836
5539294	199703	0.0010689934126892407257598521	111	103836
2307857	199703	0.0305481721175700142532455025	3172	103836
5620762	199703	0.0070014253245502523209676798	727	103836
5583176	433025	0.069349622709306503772906935	193	2783
5251730	433025	0.8591448077614085519223859145	2391	2783
5610345	433025	0.0715055695292849443047071506	199	2783
538537	433027	0.005886469353311653562754703	143	24293
443207	433027	0.8139381714897295517227184786	19773	24293
2195603	433027	0.1616926686699872391223809328	3928	24293
2307857	433027	0.0184826904869715555921458856	449	24293
5583176	46042	0.0134842634842634842634842635	922	68376
5669992	46042	0.0085848835848835848835848836	587	68376
1249233	46042	0.0597431847431847431847431847	4085	68376
5589249	46042	0.0043582543582543582543582544	298	68376
538537	46042	0.0029250029250029250029250029	200	68376
5251730	46042	0.0091552591552591552591552592	626	68376
2239390	46042	0.0025155025155025155025155025	172	68376
443207	46042	0.3887036387036387036387036387	26578	68376
2195603	46042	0.1703082953082953082953082953	11645	68376
5534425	46042	0.1001521001521001521001521002	6848	68376
3577282	46042	0.0261934011934011934011934012	1791	68376
5610345	46042	0.0116268866268866268866268866	795	68376
2307857	46042	0.1571019071019071019071019071	10742	68376
5382853	46042	0.0451474201474201474201474201	3087	68376
3566396	1306357	0.8446115288220551378446115288	1685	1995
5089150	1306357	0.1553884711779448621553884712	310	1995
3566396	33781691	0.2719665271966527196652719665	260	956
3244981	33781691	0.2144351464435146443514644351	205	956
5666025	33781691	0.5135983263598326359832635983	491	956
3244981	4732995	0.9451962110960757780784844384	1397	1478
5852447	4732995	0.0548037889039242219215155616	81	1478
5669992	1319227	0.0429755671902268760907504363	197	4584
5227307	1319227	0.5063263525305410122164048866	2321	4584
5772434	1319227	0.0218150087260034904013961606	100	4584
5711754	1319227	0.4288830715532286212914485166	1966	4584
5669992	1983298	0.0325165377806764185223143576	349	10733
5589249	1983298	0.0403428677909251840119258362	433	10733
3805657	1983298	0.8796235907947451784216901146	9441	10733
5753436	1983298	0.0475170036336532190440696916	510	10733
5669992	294995	0.448315911730545876887340302	386	861
5589249	294995	0.3519163763066202090592334495	303	861
5821160	294995	0.1997677119628339140534262485	172	861
5669992	4559242	0.0530771735591012699446434386	163	3071
5753436	4559242	0.8957994138717030283295343536	2751	3071
5821160	4559242	0.0511234125691957017258222077	157	3071
5669992	639950	0.0753138075313807531380753138	198	2629
2419526	639950	0.0308101939901103081019399011	81	2629
5753436	639950	0.1894256371243818942563712438	498	2629
5772434	639950	0.357550399391403575503993914	940	2629
2307857	639950	0.0639026245720806390262457208	168	2629
3032964	639950	0.2829973373906428299733739064	744	2629
5669992	8917990	0.1164556962025316455696202532	46	395
3039043	8917990	0.1417721518987341772151898734	56	395
5286561	8917990	0.7417721518987341772151898734	293	395
5669992	9537587	0.4446952595936794582392776524	197	443
5511230	9537587	0.1376975169300225733634311512	61	443
3039043	9537587	0.4176072234762979683972911964	185	443
5092915	488221	0.2575810386894388288602300453	739	2869
677993	488221	0.6734053677239456256535378181	1932	2869
1827710	488221	0.0690135935866155454862321366	198	2869
2270701	4933103	0.0030973854422884212444201512	34	10977
2095583	4933103	0.067595882299353193039992712	742	10977
1838035	4933103	0.0058303725972487929306732258	64	10977
3505159	4933103	0.0399016124624214266192948893	438	10977
5698620	4933103	0.1204336339619203789742188212	1322	10977
5523223	4933103	0.0830828095107952992620934682	912	10977
2315124	4933103	0.1586043545595335701922200966	1741	10977
3714607	4933103	0.0538398469527193222191855698	591	10977
3505346	4933103	0.0200419058030427256991892138	220	10977
1838562	4933103	0.1342807688803862621845677325	1474	10977
5176097	4933103	0.0181288147945704655188120616	199	10977
5129769	4933103	0.0487382709301266284048464972	535	10977
1896988	4933103	0.0227748929580030973854422884	250	10977
3852723	4933103	0.2236494488475904163250432723	2455	10977
3738080	1143642	0.059127134724857685009487666	2337	39525
2592698	1143642	0.006375711574952561669829222	252	39525
3165605	1143642	0.0331182795698924731182795699	1309	39525
2095583	1143642	0.066438962681846932321315623	2626	39525
1838035	1143642	0.0032890575585072738772928526	130	39525
3505159	1143642	0.0596837444655281467425679949	2359	39525
5698620	1143642	0.1822643896268184693232131562	7204	39525
5523223	1143642	0.0214294750158127767235926629	847	39525
2315124	1143642	0.0833902593295382669196710942	3296	39525
2344137	1143642	0.0499430740037950664136622391	1974	39525
3714607	1143642	0.0558886780518659076533839342	2209	39525
5203494	1143642	0.0124731182795698924731182796	493	39525
1087704	1143642	0.0490069576217583807716635041	1937	39525
3505346	1143642	0.0160657811511701454775458571	635	39525
3117267	1143642	0.0361037318153067678684376977	1427	39525
1838562	1143642	0.0204427577482605945604048071	808	39525
5472224	1143642	0.0036938646426312460468058191	146	39525
5176097	1143642	0.0100442757748260594560404807	397	39525
3415980	1143642	0.0131309297912713472485768501	519	39525
1896988	1143642	0.0076913345983554712207463631	304	39525
3852723	1143642	0.2103984819734345351043643264	8316	39525
3738080	2708567	0.7596401028277634961439588689	591	778
1896988	2708567	0.2403598971722365038560411311	187	778
2592698	547949	0.0438911162692551171133150454	208	4739
2095583	547949	0.0818738130407258915382992192	388	4739
1838035	547949	0.0533867904621228107195610888	253	4739
3505159	547949	0.029331082506857986917071112	139	4739
5698620	547949	0.1920236336779911373707533235	910	4739
2315124	547949	0.0417809664486178518674825913	198	4739
2344137	547949	0.0633044946191179573749736231	300	4739
3714607	547949	0.4944081029753112470985439966	2343	4739
5843731	55635	0.1427339370418283742992669254	331	2319
2859570	55635	0.4898663216903837861147046141	1136	2319
5674772	55635	0.3673997412677878395860284605	852	2319
3858908	37512	0.3784081520242357477278986505	1374	3631
2720295	37512	0.328559625447535114293583035	1193	3631
2787799	37512	0.0862021481685486091985678876	313	3631
5182767	37512	0.1525750481960892316166345359	554	3631
692151	37512	0.0542550261635912971633158909	197	3631
2720295	4017785	0.2832453192510801728276524244	590	2083
5258145	4017785	0.2438790206433029284685549688	508	2083
486761	4017785	0.1920307249159865578492558809	400	2083
5066441	4017785	0.2808449351896303408545367259	585	2083
2007437	607436	0.0635538261997405966277561608	196	3084
2720295	607436	0.3852140077821011673151750973	1188	3084
5182767	607436	0.1241893644617380025940337224	383	3084
3191270	607436	0.4270428015564202334630350195	1317	3084
3513600	607463	0.0772080327549229869370247612	396	5129
1856582	607463	0.162799766036264379021251706	835	5129
5491366	607463	0.0584909339052446870735036069	300	5129
3008553	607463	0.4611035289530122830961201014	2365	5129
486761	607463	0.0674595437707155390914408267	346	5129
5066441	607463	0.115032170013647884577890427	590	5129
2391318	607463	0.0579060245661922402027685709	297	5129
2720295	7920750	0.357825567502986857825567503	599	1674
5092770	7920750	0.1039426523297491039426523297	174	1674
5182767	7920750	0.2986857825567502986857825568	500	1674
3191270	7920750	0.2395459976105137395459976105	401	1674
3858908	96416955	0.2890520694259012016021361816	433	1498
5066441	96416955	0.7109479305740987983978638184	1065	1498
5155446	32818	0.1017956122008695940787945169	3067	30129
5843731	32818	0.2150419861263234757210660825	6479	30129
3819280	32818	0.0095920873576952437850575857	289	30129
5504006	32818	0.025457200703641010322280859	767	30129
5514037	32818	0.01988117760297387898702247	599	30129
5204911	32818	0.2987155232500248929602708354	9000	30129
2271735	32818	0.0219389956520296060274154469	661	30129
5814751	32818	0.0115835241793620764047927246	349	30129
5722038	32818	0.0246606259749742772743868034	743	30129
2498710	32818	0.0039164924159447708188124398	118	30129
5576967	32818	0.0033522519831391682432208172	101	30129
5750433	32818	0.0100899465631119519399913704	304	30129
5378944	32818	0.0246938165886687244847157224	744	30129
5342642	32818	0.0064057884430283115934813635	193	30129
2941832	32818	0.0030535364598891433502605463	92	30129
5348600	32818	0.0238640512463075442264927479	719	30129
3450386	32818	0.0196820339208071957250489562	593	30129
2622425	32818	0.139765674267317202695077832	4211	30129
2053521	32818	0.0348169537654751236350360118	1049	30129
3867807	32818	0.0016927212984168077267748681	51	30129
2403792	215724	0.0214207250091541559868180154	117	5462
687697	215724	0.1021603808128890516294397657	558	5462
3205303	215724	0.8156352984254851702673013548	4455	5462
5328797	215724	0.0607835957524716221164408642	332	5462
5225673	32671	0.003109936246306950707510496	60	19293
5843731	32671	0.1497952625304514590784222257	2890	19293
2928112	32671	0.1474109780749494635359975121	2844	19293
3452749	32671	0.0174674752500907064738506194	337	19293
5514037	32671	0.3910744829730990514694448764	7545	19293
3146489	32671	0.0181931270408956616389364018	351	19293
5093260	32671	0.0173119784377753589384750946	334	19293
5097275	32671	0.1515575597366920644793448401	2924	19293
2498710	32671	0.004405743015601513502306536	85	19293
5092770	32671	0.0242575027211942155185818691	468	19293
2056023	32671	0.0103664541543565023583683201	200	19293
1275831	32671	0.0650494998185870522987612087	1255	19293
1206937	434783	0.2852404643449419568822553897	344	1206
5328797	434783	0.7147595356550580431177446103	862	1206
5741114	2847847	0.5629965947786606129398410897	496	881
3008553	2847847	0.4370034052213393870601589103	385	881
5749079	1864653	0.0019034822528272309931698578	68	35724
3071898	1864653	0.0573843914455268167058560072	2050	35724
934138	1864653	0.1161963945806740566565894077	4151	35724
5583136	1864653	0.1072948158100996528944127197	3833	35724
5268791	1864653	0.0061863173216885007278020378	221	35724
3644893	1864653	0.2683070204904266039637218677	9585	35724
5615196	1864653	0.0082857462770126525585040869	296	35724
5823508	1864653	0.4344418318217444854999440152	15520	35724
3071898	3337859	0.1402461767997016038791495711	376	2681
5583136	3337859	0.2458038045505408429690414025	659	2681
5268791	3337859	0.1111525550167847817978366281	298	2681
5092770	3337859	0.5027974636329727713539723984	1348	2681
5843731	1046845	0.3627450980392156862745098039	185	510
5403508	1046845	0.6372549019607843137254901961	325	510
5843731	1146922	0.1654228855721393034825870647	133	804
2015929	1146922	0.8345771144278606965174129353	671	804
5843731	199050	0.5349843712430872805962971868	2225	4159
5848573	199050	0.4650156287569127194037028132	1934	4159
5843731	32673	0.2264969626844084466300260341	783	3457
2679352	32673	0.5773792305467168064796065953	1996	3457
3428539	32673	0.0526468035869250795487416835	182	3457
5092770	32673	0.143477003181949667341625687	496	3457
5843731	55703	0.4071606994171523730224812656	489	1201
5295900	55703	0.1973355537052456286427976686	237	1201
5869285	55703	0.3955037468776019983347210658	475	1201
5843731	559743	0.9684832567301378857518056467	2950	3046
2622425	559743	0.0315167432698621142481943533	96	3046
5843731	678286	0.2272727272727272727272727273	100	440
5657814	678286	0.7727272727272727272727272727	340	440
5843731	90246	0.1498439125910509885535900104	288	1922
2395221	90246	0.3818938605619146722164412071	734	1922
3819280	90246	0.1508844953173777315296566077	290	1922
5060519	90246	0.0946930280957336108220603538	182	1922
2498710	90246	0.0312174817898022892819979188	60	1922
5576967	90246	0.0525494276795005202913631634	101	1922
5750433	90246	0.1389177939646201873048907388	267	1922
2493692	3723430	0.2094395280235988200589970501	284	1356
3583210	3723430	0.7905604719764011799410029499	1072	1356
2395221	141491	0.1123325005677946854417442653	2473	22015
332897	141491	0.4053145582557347263229616171	8923	22015
3128854	141491	0.4823529411764705882352941176	10619	22015
2975042	32701	0.1286647589223044112088980077	2383	18521
759718	32701	0.0322876734517574644997570326	598	18521
5674772	32701	0.8390475676259381242913449598	15540	18521
3505309	391033	0.6982352941176470588235294118	2374	3400
3146489	391033	0.2432352941176470588235294118	827	3400
5377186	391033	0.0585294117647058823529411765	199	3400
2395221	600255	0.1578238167424625231598450396	937	5937
3505309	600255	0.6612767390938184268148896749	3926	5937
3597649	600255	0.0818595250126326427488630622	486	5937
5092770	600255	0.0990399191510864072764022233	588	5937
2479555	32447	0.1313672922252010723860589812	147	1119
3501834	32447	0.3976764968722073279714030384	445	1119
5765424	32447	0.4709562109025915996425379803	527	1119
2023644	465916	0.8053142565150740929994890138	4728	5871
1277045	465916	0.135922330097087378640776699	798	5871
1892126	465916	0.0587634133878385283597342872	345	5871
3631712	76518	0.4530299020905001323101349563	1712	3779
1163956	76518	0.5469700979094998676898650437	2067	3779
3505309	236579	0.802696244194959195635511069	17803	22179
5585871	236579	0.0038324541232697596825826232	85	22179
5576967	236579	0.0135713963659317372289102304	301	22179
3007796	236579	0.1798999053158393074529960774	3990	22179
5204911	236582	0.1196725258849024801348422827	497	4153
5863906	236582	0.7543944136768601011317120154	3133	4153
5814751	236582	0.1259330604382374187334457019	523	4153
3505309	4324783	0.3702922567038264537511298584	1229	3319
3539081	4324783	0.5998794817716179572160289244	1991	3319
3158912	4324783	0.0298282615245555890328412172	99	3319
3505309	602628	0.4785150540777550423852674657	1637	3421
3832254	602628	0.5214849459222449576147325343	1784	3421
3505309	6298373	0.6137689614935822637106184364	1052	1714
5814751	6298373	0.3862310385064177362893815636	662	1714
5204911	975126	0.1537417603722373012795657231	793	5158
5268791	975126	0.2349747964327258627374951532	1212	5158
3428539	975126	0.0265606824350523458704924389	137	5158
1206937	975126	0.1318340442031795269484296239	680	5158
5807311	975126	0.4528887165568049631640170609	2336	5158
5344061	214727	0.0581528458262740967993039974	1270	21839
5814079	214727	0.010989514171894317505380283	240	21839
2610053	214727	0.0236274554695727826365676084	516	21839
5782564	214727	0.04038646458171161683227254	882	21839
5092770	214727	0.4481890196437565822610925409	9788	21839
5498569	214727	0.0054947570859471587526901415	120	21839
5506490	214727	0.0820550391501442373735061129	1792	21839
5544015	214727	0.0337927560785750263290443702	738	21839
2812823	214727	0.080543980951508768716516324	1759	21839
5823740	214727	0.2167681670406154127936260818	4734	21839
5344061	85676	0.1589617768595041322314049587	6155	38720
5733422	85676	0.0236053719008264462809917355	914	38720
3631712	85676	0.0210743801652892561983471074	816	38720
5814079	85676	0.0060950413223140495867768595	236	38720
2749745	85676	0.0642303719008264462809917355	2487	38720
2726535	85676	0.0290289256198347107438016529	1124	38720
2050770	85676	0.061570247933884297520661157	2384	38720
3027919	85676	0.2914514462809917355371900826	11285	38720
5806738	85676	0.052815082644628099173553719	2045	38720
5824609	85676	0.0875516528925619834710743802	3390	38720
2344919	85676	0.0283574380165289256198347107	1098	38720
5534991	85676	0.0484762396694214876033057851	1877	38720
5800746	85676	0.1167355371900826446280991736	4520	38720
5848696	85676	0.0100464876033057851239669421	389	38720
3244981	40797465	0.736462093862815884476534296	1224	1662
5666025	40797465	0.263537906137184115523465704	438	1662
3165605	587751	0.1069749952998683963150968227	569	5319
5523223	587751	0.2970483173528858808046625306	1580	5319
2315124	587751	0.0642978003384094754653130288	342	5319
2344137	587751	0.2853919909757473209249858996	1518	5319
5203494	587751	0.0313968791126151532242902801	167	5319
3505346	587751	0.0836623425455912765557435608	445	5319
3117267	587751	0.1312276743748824967099078774	698	5319
2928112	975134	0.9059438275636838667537557152	1387	1531
2403792	975134	0.03265839320705421293272371	50	1531
3158912	975134	0.0613977792292619203135205748	94	1531
5203799	11868099	0.1686073591057289240801117839	362	2147
3757797	11868099	0.8313926408942710759198882161	1785	2147
5203799	87646880	0.4753390875462392108508014797	771	1622
3757797	87646880	0.5246609124537607891491985203	851	1622
5203799	9414204	0.1068208092485549132947976879	462	4325
3757797	9414204	0.0679768786127167630057803468	294	4325
5609819	9414204	0.0550289017341040462427745665	238	4325
5295900	9414204	0.7701734104046242774566473988	3331	4325
5257240	3683386	0.7649769585253456221198156682	498	651
1323327	3683386	0.2350230414746543778801843318	153	651
983124	562835	0.4121687929342492639842983317	420	1019
2789268	562835	0.5878312070657507360157016683	599	1019
3039063	7042731	0.4466463414634146341463414634	293	656
5539437	7042731	0.5533536585365853658536585366	363	656
538537	187032	0.0117543344108139876579488686	120	10209
5735343	187032	0.0095014203154079733568420022	97	10209
5534425	187032	0.3981780781663238319130179254	4065	10209
5772887	187032	0.2011950239984327554118914683	2054	10209
3058348	187032	0.3793711431090214516602997355	3873	10209
5654087	6783419	0.0488236782190741209208196307	193	3953
5752103	6783419	0.9511763217809258790791803693	3760	3953
5293701	3295794	0.1162029459901800327332242226	284	2444
3819280	3295794	0.0781505728314238952536824877	191	2444
5268791	3295794	0.1841243862520458265139116203	450	2444
3539081	3295794	0.2029459901800327332242225859	496	2444
2056023	3295794	0.1812602291325695581014729951	443	2444
5348600	3295794	0.1554828150572831423895253682	380	2444
1957243	3295794	0.0818330605564648117839607201	200	2444
2859570	110266	0.8248820754716981132075471698	1399	1696
2193611	110266	0.1751179245283018867924528302	297	1696
5092915	1002219	0.8932496075353218210361067504	1138	1274
677993	1002219	0.1067503924646781789638932496	136	1274
677993	944313	0.5654557916381082933516106923	825	1459
1827710	944313	0.4345442083618917066483893077	634	1459
3467884	45638654	0.3728155339805825242718446602	192	515
3815522	45638654	0.6271844660194174757281553398	323	515
1249233	4559250	0.1710144927536231884057971014	59	345
3143777	4559250	0.8289855072463768115942028986	286	345
538537	46093	0.0126989502201151371486623772	75	5906
998447	46093	0.0494412461903149339654588554	292	5906
2195603	46093	0.413477819166948865560447003	2442	5906
5534425	46093	0.3120555367422959701997968168	1843	5906
2307857	46093	0.1449373518455807653233999323	856	5906
5382853	46093	0.0572299356586522180833051134	338	5906
5830253	46093	0.0101591601760921097189299018	60	5906
5589249	199706	0.0649115638316502247387776545	1112	17131
998447	199706	0.1105014301558578016461385792	1893	17131
2419526	199706	0.0999357889206701301733699142	1712	17131
2195603	199706	0.6148502714377444399042671181	10533	17131
3805657	199706	0.0438386550697565816356313117	751	17131
5534425	199706	0.0196719397583328468857626525	337	17131
2307857	199706	0.0462903508259879750160527698	793	17131
3623803	8637468	0.1556728232189973614775725594	59	379
3191270	8637468	0.8443271767810026385224274406	320	379
845099	11353877	0.8798157453936348408710217755	2101	2388
5344850	11353877	0.1201842546063651591289782245	287	2388
845099	11872846	0.6008230452674897119341563786	292	486
2382483	11872846	0.3991769547325102880658436214	194	486
5654087	199725	0.0095584018352131523609252533	150	15693
5534425	199725	0.9904415981647868476390747467	15543	15693
845099	42854511	0.4296675191815856777493606138	168	391
2382483	42854511	0.5703324808184143222506393862	223	391
845099	60617344	0.4587155963302752293577981651	200	436
2382483	60617344	0.5412844036697247706422018349	236	436
845099	7540724	0.1641526175687666370896184561	185	1127
3468679	7540724	0.8358473824312333629103815439	942	1127
3071898	490439	0.7670961347869177403369672944	1548	2018
2053521	490439	0.2329038652130822596630327056	470	2018
1165933	1062595	0.0338727888596161083929243508	90	2657
5467042	1062595	0.6010538200978547233722243131	1597	2657
3714607	1062595	0.3650733910425291682348513361	970	2657
3579480	28507949	0.6846715328467153284671532847	469	685
5444769	28507949	0.3153284671532846715328467153	216	685
3692510	2174249	0.8613138686131386861313868613	590	685
3158912	2174249	0.1386861313868613138686131387	95	685
3202703	794678	0.2246326102169349195241427572	321	1429
5659388	794678	0.2071378586424072778166550035	296	1429
5583369	794678	0.5682295311406578026592022393	812	1429
3427163	1842903	0.2903225806451612903225806452	117	403
5848696	1842903	0.7096774193548387096774193548	286	403
2859570	181793	0.5036603221083455344070278184	688	1366
3753587	181793	0.4963396778916544655929721816	678	1366
2242045	95295	0.4875069405885619100499722376	878	1801
5169655	95295	0.5124930594114380899500277624	923	1801
2382483	14434762	0.0867088607594936708860759494	137	1580
3468679	14434762	0.9132911392405063291139240506	1443	1580
3710469	47041	0.0160030123317330321001600301	170	10623
5789784	47041	0.0752141579591452508707521416	799	10623
5695560	47041	0.0272992563306034077002729926	290	10623
5343979	47041	0.014120304998587969500141203	150	10623
5837647	47041	0.2765697072390096959427656971	2938	10623
2730457	47041	0.4343405817565659418243434058	4614	10623
5442556	47041	0.0216511343311682199002165113	230	10623
5500144	47041	0.1348018450531864821613480185	1432	10623
3710469	57111371	0.1602671118530884808013355593	96	599
5789784	57111371	0.302170283806343906510851419	181	599
5352040	57111371	0.5375626043405676126878130217	322	599
5835782	1789334	0.0729872084273890142964635064	194	2658
1989229	1789334	0.6060948081264108352144469526	1611	2658
1165836	1789334	0.320917983446200150489089541	853	2658
5835782	217844	0.2232	279	1250
1165933	217844	0.0776	97	1250
5848573	217844	0.6992	874	1250
3185210	11052136	0.9070063694267515923566878981	712	785
5659388	11052136	0.0929936305732484076433121019	73	785
1894810	214706	0.0417246175243393602225312935	150	3595
3204059	214706	0.2753824756606397774687065369	990	3595
3640481	214706	0.0609179415855354659248956885	219	3595
5659388	214706	0.0386648122392211404728789986	139	3595
5068388	214706	0.5833101529902642559109874826	2097	3595
1894810	539902	0.1787214185720951936537564162	383	2143
793581	539902	0.1843210452636490900606626225	395	2143
3640481	539902	0.1740550629958002799813345777	373	2143
5659388	539902	0.3448436770881941203919738684	739	2143
320228	539902	0.1180587960802613159122725152	253	2143
5596266	22767830	0.3407534246575342465753424658	199	584
2195603	22767830	0.6592465753424657534246575342	385	584
2095583	251987	0.1347962382445141065830721003	387	2871
3505159	251987	0.1062347614071752002786485545	305	2871
5698620	251987	0.111459421804249390456287008	320	2871
2344137	251987	0.2417276210379658655520724486	694	2871
5852447	251987	0.0268199233716475095785440613	77	2871
3714607	251987	0.3789620341344479275513758272	1088	2871
2095583	5639026	0.9382391590013140604467805519	714	761
1838035	5639026	0.0617608409986859395532194481	47	761
2095583	5764153	0.183830171635049683830171635	407	2214
1838035	5764153	0.0650406504065040650406504065	144	2214
3714607	5764153	0.0447154471544715447154471545	99	2214
5203494	5764153	0.2240289069557362240289069557	496	2214
3505346	5764153	0.2439024390243902439024390244	540	2214
1896988	5764153	0.1183378500451671183378500452	262	2214
3852723	5764153	0.1201445347786811201445347787	266	2214
1838035	610264	0.0562884784520668425681618294	64	1137
2315124	610264	0.2242744063324538258575197889	255	1137
5869285	610264	0.1715039577836411609498680739	195	1137
3852723	610264	0.5479331574318381706244503078	623	1137
3631712	12486397	0.5768194070080862533692722372	428	742
5086754	12486397	0.161725067385444743935309973	120	742
1892126	12486397	0.2614555256064690026954177898	194	742
3631712	219738	0.3824626865671641791044776119	410	1072
3501834	219738	0.181902985074626865671641791	195	1072
1163956	219738	0.435634328358208955223880597	467	1072
3631712	566402	0.7369337979094076655052264808	423	574
5800746	566402	0.2630662020905923344947735192	151	574
3631712	591032	0.7464285714285714285714285714	418	560
2749745	591032	0.2535714285714285714285714286	142	560
2749745	65663	0.1888469827586206896551724138	701	3712
1163956	65663	0.1387392241379310344827586207	515	3712
5800746	65663	0.6724137931034482758620689655	2496	3712
3631712	712036	0.0513312544974814104101703046	428	8338
5814079	712036	0.1664667786039817702086831374	1388	8338
2344919	712036	0.7822019668985368193811465579	6522	8338
5514037	32819	0.1466898954703832752613240418	842	5740
5767966	32819	0.1919860627177700348432055749	1102	5740
5863906	32819	0.4170731707317073170731707317	2394	5740
5060519	32819	0.0945993031358885017421602787	543	5740
5295900	32819	0.0163763066202090592334494774	94	5740
5378944	32819	0.1332752613240418118466898955	765	5740
5706375	5840427	0.8588888888888888888888888889	773	900
3574365	5840427	0.1411111111111111111111111111	127	900
5706375	848547	0.6053830227743271221532091097	1462	2415
3574365	848547	0.3449275362318840579710144928	833	2415
5343979	848547	0.0496894409937888198757763975	120	2415
5714601	139534	0.1881720430107526881720430108	1085	5766
2621718	139534	0.2976066597294484911550468262	1716	5766
5736339	139534	0.0948664585501214013180714533	547	5766
5467042	139534	0.4193548387096774193548387097	2418	5766
5714601	521664	0.1261642675698560541913632515	298	2362
687697	521664	0.8738357324301439458086367485	2064	2362
2720295	1125487	0.1544117647058823529411764706	588	3808
1856582	1125487	0.1675420168067226890756302521	638	3808
5182767	1125487	0.5168067226890756302521008403	1968	3808
3191270	1125487	0.161239495798319327731092437	614	3808
5066441	559061	0.8247914183551847437425506555	692	839
5812218	559061	0.1752085816448152562574493445	147	839
2720295	607465	0.8595943837753510140405616225	551	641
1165836	607465	0.1404056162246489859594383775	90	641
5264811	1929632	0.0659675236806495263870094723	195	2956
2679352	1929632	0.2686062246278755074424898512	794	2956
5585606	1929632	0.6654262516914749661705006766	1967	2956
5264811	968811	0.0522308781869688385269121813	885	16944
1215598	968811	0.9477691218130311614730878187	16059	16944
3185210	24733565	0.4506539833531510107015457788	379	841
3640481	24733565	0.5493460166468489892984542212	462	841
2023644	286756	0.4164017800381436745073108709	655	1573
3501834	286756	0.3763509218054672600127145582	592	1573
1226721	286756	0.0934520025429116338207247298	147	1573
5665029	286756	0.1137952956134774316592498411	179	1573
2493692	576289	0.6624895572263993316624895572	3172	4788
5352762	576289	0.0167084377610693400167084378	80	4788
2674536	576289	0.0494987468671679197994987469	237	4788
5848573	576289	0.2713032581453634085213032581	1299	4788
538537	1918592	0.0312985571587125416204217536	141	4505
5631328	1918592	0.5771365149833518312985571587	2600	4505
5765424	1918592	0.3207547169811320754716981132	1445	4505
5665029	1918592	0.0708102108768035516093229745	319	4505
538537	4439034	0.1987381703470031545741324921	315	1585
5251730	4439034	0.0523659305993690851735015773	83	1585
2307857	4439034	0.2839116719242902208201892744	450	1585
3032964	4439034	0.4649842271293375394321766562	737	1585
2195603	563459	0.3788819875776397515527950311	183	483
3805657	563459	0.6211180124223602484472049689	300	483
538537	69279374	0.1893966654671944344488425093	1579	8337
2195603	69279374	0.8106033345328055655511574907	6758	8337
2195603	1176463	0.4205231388329979879275653924	1045	2485
3805657	1176463	0.1798792756539235412474849095	447	2485
3143777	1176463	0.3995975855130784708249496982	993	2485
998447	1176464	0.1291797435003293424774303538	3334	25809
443207	1176464	0.3407338525320624588321903212	8794	25809
2195603	1176464	0.0185594172575458173505366345	479	25809
3805657	1176464	0.0136773993568135146654267891	353	25809
5753436	1176464	0.0388236661629664070673021039	1002	25809
3143777	1176464	0.2801735828586927040954705723	7231	25809
5166468	1176464	0.1543647564802975706149017784	3984	25809
3032964	1176464	0.0244875818512921848967414468	632	25809
998447	1176465	0.1786485140295533787149261166	1076	6023
3805657	1176465	0.1476008633571309978416071725	889	6023
3143777	1176465	0.2342686368919143284077702142	1411	6023
5166468	1176465	0.4394819857214012950356964968	2647	6023
998447	1416061	0.3441844693116310613767378772	1015	2949
2195603	1416061	0.4153950491692099016615801967	1225	2949
3805657	1416061	0.2404204815191590369616819261	709	2949
998447	1416064	0.0878862516793551276309897	785	8932
2195603	1416064	0.0631437527989252127183161666	564	8932
3143777	1416064	0.8489699955217196596506941335	7583	8932
2195603	1714294	0.5217041800643086816720257235	649	1244
3143777	1714294	0.4782958199356913183279742765	595	1244
998447	199704	0.5126686983021332172398781019	5888	11485
2195603	199704	0.2612973443622115803221593383	3001	11485
5534425	199704	0.2260339573356552024379625599	2596	11485
998447	2815853	0.3399578440228846732911773562	1129	3321
2195603	2815853	0.4194519722975007527853056308	1393	3321
3143777	2815853	0.2405901836796145739235170129	799	3321
998447	36051194	0.0096946896252351323976269715	201	20733
443207	36051194	0.4967925529349346452515313751	10300	20733
2195603	36051194	0.0445666329040659817681956302	924	20733
3805657	36051194	0.4489461245357642405826460232	9308	20733
443207	9952293	0.3171229835725913867100784372	10714	33785
2195603	9952293	0.4605298209264466479206748557	15559	33785
5753436	9952293	0.0868136747077105224211928371	2933	33785
5534425	9952293	0.117922154802427112623945538	3984	33785
5610345	9952293	0.0057717922154802427112623946	195	33785
5382853	9952293	0.0118395737753440876128459375	400	33785
5863008	62254	0.5828764234500210881484605652	1382	2371
3058372	62254	0.3787431463517503163222269085	898	2371
2488713	62254	0.0383804301982285955293125264	91	2371
5863008	966262	0.0574918081620494489127196902	193	3357
3058372	966262	0.9425081918379505510872803098	3164	3357
5659388	288905	0.3435054773082942097026604069	878	2556
3753587	288905	0.6564945226917057902973395931	1678	2556
387522	181983	0.2572944297082228116710875332	194	754
2331909	181983	0.7427055702917771883289124668	560	754
5814079	1729035	0.1242432219005001316135825217	472	3799
2749745	1729035	0.849960515925243485127665175	3229	3799
5848696	1729035	0.0257962621742563832587523032	98	3799
5814079	1729036	0.2444444444444444444444444444	451	1845
2749745	1729036	0.5420054200542005420054200542	1000	1845
5534991	1729036	0.2135501355013550135501355014	394	1845
5814079	247701	0.4601449275362318840579710145	127	276
2344919	247701	0.5398550724637681159420289855	149	276
5814079	40983038	0.8957497995188452285485164395	1117	1247
5806738	40983038	0.1042502004811547714514835605	130	1247
5657976	40774	0.7783216783216783216783216783	1113	1430
1989229	40774	0.2216783216783216783216783217	317	1430
1838035	5468555	0.2997198879551820728291316527	107	357
5698620	5468555	0.7002801120448179271708683473	250	357
3058372	62139	0.1948361900629203731829030158	898	4609
5585871	62139	0.1872423519201562160989368627	863	4609
5771819	62139	0.1165111737904100672597092645	537	4609
2488713	62139	0.501410284226513343458450857	2311	4609
3058372	856872	0.4	320	800
2488713	856872	0.6	480	800
2419526	147556	0.5239085239085239085239085239	252	481
3468679	147556	0.4760914760914760914760914761	229	481
2195603	59648935	0.4974037213327563825183903072	2299	4622
5753436	59648935	0.4379056685417568152315015145	2024	4622
2307857	59648935	0.0646906101254868022501081783	299	4622
5169655	4819901	0.5641025641025641025641025641	198	351
2278979	4819901	0.4358974358974358974358974359	153	351
3060265	434561	0.7611271213576689081011847582	2377	3123
3581213	434561	0.0886967659301953250080051233	277	3123
5092915	434561	0.1501761127121357668908101185	469	3123
2762210	74063	0.1287001287001287001287001287	200	1554
3060265	74063	0.1287001287001287001287001287	200	1554
941470	74063	0.1698841698841698841698841699	264	1554
5674772	74063	0.5727155727155727155727155727	890	1554
2762210	9969138	0.4643962848297213622291021672	600	1292
5092915	9969138	0.5356037151702786377708978328	692	1292
5175940	2525496	0.5601374570446735395189003436	652	1164
2278979	2525496	0.4398625429553264604810996564	512	1164
2928112	2756586	0.2725204731574158325750682439	599	2198
3700298	2756586	0.7274795268425841674249317561	1599	2198
5746401	187465	0.4815229563269876819708846585	1290	2679
2004790	187465	0.0731616274729376633072041807	196	2679
1215598	187465	0.4453154162000746547219111609	1193	2679
5746401	40846	0.1852574102964118564742589704	475	2564
793581	40846	0.6766770670826833073322932917	1735	2564
1989229	40846	0.1380655226209048361934477379	354	2564
3244981	41803992	0.810951760104302477183833116	3110	3835
5498437	41803992	0.104302477183833116036505867	400	3835
2101620	41803992	0.0847457627118644067796610169	325	3835
3244981	59848204	0.8162878787878787878787878788	1293	1584
2674536	59848204	0.1837121212121212121212121212	291	1584
3583210	1058295	0.1903114186851211072664359862	110	578
1323327	1058295	0.8096885813148788927335640138	468	578
1207042	4708239	0.07057761732851985559566787	391	5540
3158912	4708239	0.92942238267148014440433213	5149	5540
723374	46112529	0.6146179401993355481727574751	555	903
5671292	46112529	0.3853820598006644518272425249	348	903
5514037	2077155	0.8603541741958800144560896278	11903	13835
5378944	2077155	0.1396458258041199855439103722	1932	13835
3597649	3795104	0.4403669724770642201834862385	384	872
2271735	3795104	0.5596330275229357798165137615	488	872
5514037	61019192	0.532	399	750
5378944	61019192	0.468	351	750
5695560	2847686	0.6152993348115299334811529933	555	902
2730457	2847686	0.3847006651884700665188470067	347	902
5874202	1234953	0.8572517629121402706308366686	4498	5247
2271735	1234953	0.1427482370878597293691633314	749	5247
5874202	7173845	0.1865569272976680384087791495	544	2916
5422118	7173845	0.8134430727023319615912208505	2372	2916
5204911	3910180	0.9380037197768133911965282083	3026	3226
5377186	3910180	0.0619962802231866088034717917	200	3226
2468916	155087	0.1041269841269841269841269841	164	1575
2296850	155087	0.7822222222222222222222222222	1232	1575
2610053	155087	0.1136507936507936507936507937	179	1575
2239390	5473131	0.2307692307692307692307692308	183	793
5750433	5473131	0.7692307692307692307692307692	610	793
2239390	727627	0.0431034482758620689655172414	60	1392
5631328	727627	0.9568965517241379310344827586	1332	1392
5698620	41756999	0.0684188569044639132248644139	164	2397
3505346	41756999	0.4981226533166458072590738423	1194	2397
1896988	41756999	0.1998331247392574050896954526	479	2397
3852723	41756999	0.2336253650396328744263662912	560	2397
5698620	4205177	0.3933376040999359385009609225	614	1561
2344137	4205177	0.2120435618193465727098014094	331	1561
3714607	4205177	0.3119795003203074951953875721	487	1561
5176097	4205177	0.0826393337604099935938500961	129	1561
5736339	41649	0.7225274725274725274725274725	263	364
5576967	41649	0.2774725274725274725274725275	101	364
5659388	76117	0.5461254612546125461254612546	592	1084
3815903	76117	0.0848708487084870848708487085	92	1084
2722787	76117	0.3690036900369003690036900369	400	1084
5498437	67812486	0.8110260336906584992343032159	2648	3265
2101620	67812486	0.1889739663093415007656967841	617	3265
5523223	7592079	0.1735537190082644628099173554	336	1936
2315124	7592079	0.1895661157024793388429752066	367	1936
2344137	7592079	0.2055785123966942148760330579	398	1936
3714607	7592079	0.0929752066115702479338842975	180	1936
3117267	7592079	0.3383264462809917355371900826	655	1936
2134865	559064	0.4387493593029215786776012301	856	1951
1989229	559064	0.3167606355715017939518195797	618	1951
5765424	559064	0.2039979497693490517683239364	398	1951
5665029	559064	0.0404920553562275756022552537	79	1951
2134865	9038415	0.6440071556350626118067978533	360	559
1838562	9038415	0.3559928443649373881932021467	199	559
1989229	2933274	0.0781541744465190717524673246	293	3749
2787799	2933274	0.6809815950920245398773006135	2553	3749
3191270	2933274	0.2408642304614563883702320619	903	3749
5590766	501461	0.2144736842105263157894736842	163	760
5782564	501461	0.7855263157894736842105263158	597	760
5477798	420392	0.0195551574861919689505896402	393	20097
742769	420392	0.9804448425138080310494103598	19704	20097
5796363	150857	0.7634615384615384615384615385	397	520
5295900	150857	0.2365384615384615384615384615	123	520
5352203	610299	0.4084815561202137912906334881	4662	11413
5093260	610299	0.5230877070007885744326645054	5970	11413
3102462	610299	0.0684307368789976342767020065	781	11413
3428539	1030776	0.3669821240799158780231335436	349	951
5060519	1030776	0.4584647739221871713985278654	436	951
5403508	1030776	0.174553101997896950578338591	166	951
3539081	1331083	0.9096657633242999096657633243	1007	1107
3158912	1331083	0.0903342366757000903342366757	100	1107
2195603	2815854	0.2758777929776561787505699954	605	2193
3143777	2815854	0.7241222070223438212494300046	1588	2193
2195603	4439039	0.3413651729842480040279076458	4746	13903
5534425	4439039	0.6370567503416528806732359922	8857	13903
5610345	4439039	0.0215780766740991152988563619	300	13903
5093260	2851967	0.7218493661446681580909768829	968	1341
387522	2851967	0.2781506338553318419090231171	373	1341
5060519	5473130	0.6636246969913018679595037787	4654	7013
5750433	5473130	0.3363753030086981320404962213	2359	7013
636067	1830888	0.1578668550238389546176938019	4470	28315
2018928	1830888	0.4703160868797457178174112661	13317	28315
2221304	1830888	0.0282535758431926540702807699	800	28315
791658	1830888	0.1901818823944905527105774325	5385	28315
5720280	1830888	0.1533815998587321207840367296	4343	28315
636067	5443125	0.4297323135755258126195028681	899	2092
5720280	5443125	0.5702676864244741873804971319	1193	2092
697413	127599	0.6784897025171624713958810069	593	874
5615196	127599	0.3215102974828375286041189931	281	874
5806738	11059583	0.3359173126614987080103359173	130	387
5848696	11059583	0.6640826873385012919896640827	257	387
5406463	731864	0.1647011792924245452728362982	824	5003
1226721	731864	0.8352988207075754547271637018	4179	5003
5585871	1876585	0.4648648648648648648648648649	172	370
5377186	1876585	0.5351351351351351351351351351	198	370
5585871	391037	0.0095868085514332278784392676	100	10431
2488713	391037	0.9904131914485667721215607324	10331	10431
2403792	1799386	0.1661891117478510028653295129	58	349
1215598	1799386	0.8338108882521489971346704871	291	349
742769	1128648	0.9774493477657507632528448515	14087	14412
5182767	1128648	0.0225506522342492367471551485	325	14412
5068388	214705	0.9027777777777777777777777778	585	648
3777655	214705	0.0972222222222222222222222222	63	648
2344919	8169253	0.6521360069747166521360069747	748	1147
5534991	8169253	0.3478639930252833478639930253	399	1147
5086754	477606	0.7815924032140248356464572681	3210	4107
5782564	477606	0.2184075967859751643535427319	897	4107
3580723	1434890	0.4608433734939759036144578313	765	1660
5615196	1434890	0.5391566265060240963855421687	895	1660
5378944	5226601	0.5131782945736434108527131783	331	645
5348600	5226601	0.4868217054263565891472868217	314	645
5610345	3231644	0.5948827292110874200426439232	279	469
5382853	3231644	0.4051172707889125799573560768	190	469
3143777	23522517	0.9216494845360824742268041237	447	485
5721603	23522517	0.0783505154639175257731958763	38	485
